6 0.4703125 0.21875 0.1484375 0.0625
4 0.4125 0.4359375 0.3140625 0.1234375
4 0.6984375 0.428125 0.309375 0.11875
4 0.71640625 0.56953125 0.2953125 0.1453125
4 0.421875 0.584375 0.3265625 0.15
14 0.71171875 0.4953125 0.2421875 0.0203125
14 0.40546875 0.509375 0.25 0.028125
14 0.428125 0.6640625 0.1734375 0.028125
14 0.73671875 0.65 0.18125 0.0234375
2 0.7265625 0.65234375 0.2875 0.0578125
2 0.43671875 0.6625 0.315625 0.053125
2 0.4140625 0.5078125 0.3140625 0.0546875
2 0.70703125 0.49140625 0.2921875 0.046875