6 0.41796875 0.16328125 0.15 0.0671875
4 0.3671875 0.38125 0.3171875 0.134375
4 0.65234375 0.3640625 0.3125 0.1296875
4 0.67578125 0.5046875 0.3 0.1546875
4 0.38203125 0.5296875 0.33125 0.1609375
14 0.66796875 0.43046875 0.2421875 0.028125
14 0.36328125 0.45546875 0.25 0.0375
14 0.39140625 0.609375 0.175 0.034375
14 0.69921875 0.58359375 0.18125 0.0296875
2 0.6890625 0.58671875 0.2890625 0.0671875
2 0.4 0.60703125 0.3171875 0.0625
2 0.37109375 0.453125 0.315625 0.065625
2 0.6640625 0.4265625 0.2921875 0.05625