6 0.490625 0.16875 0.134375 0.05625
4 0.42421875 0.3609375 0.284375 0.1125
4 0.68203125 0.37109375 0.2796875 0.1078125
4 0.68984375 0.5 0.2671875 0.13125
4 0.4234375 0.49453125 0.2953125 0.134375
14 0.68984375 0.43203125 0.21875 0.01875
14 0.41328125 0.4265625 0.2265625 0.0265625
14 0.42421875 0.56796875 0.1578125 0.0265625
14 0.703125 0.5734375 0.1640625 0.0203125
2 0.69375 0.57578125 0.259375 0.0515625
2 0.43203125 0.56640625 0.2859375 0.046875
2 0.42109375 0.425 0.284375 0.05
2 0.6859375 0.42890625 0.2640625 0.0421875