0 0.76953125 0.98359375 0.30625 0.028125
14 0.41015625 0.17109375 0.628125 0.065625
5 0.6359375 0.38828125 0.4578125 0.0828125
5 0.634375 0.46796875 0.43125 0.0640625
5 0.5578125 0.54453125 0.553125 0.0828125
5 0.58203125 0.61875 0.4625 0.0765625
5 0.5890625 0.6953125 0.475 0.0734375
11 0.5625 0.78515625 0.509375 0.09375
6 0.18984375 0.4796875 0.3796875 0.0625
6 0.18203125 0.4015625 0.3640625 0.0875
6 0.12734375 0.56015625 0.253125 0.075
6 0.16953125 0.6390625 0.334375 0.065625
6 0.16640625 0.71484375 0.3265625 0.071875
14 0.41328125 0.22890625 0.628125 0.059375
6 0.1390625 0.8 0.26875 0.078125
2 0.5 0.53671875 1 0.9265625