0 0.77265625 0.9359375 0.2890625 0.10625
14 0.55 0.1203125 0.5828125 0.1203125
5 0.7296875 0.34765625 0.428125 0.1203125
5 0.7171875 0.42109375 0.4015625 0.1015625
5 0.6375 0.48046875 0.515625 0.1296875
5 0.65 0.55234375 0.43125 0.1140625
5 0.646875 0.62265625 0.4421875 0.1125
11 0.61171875 0.7015625 0.4765625 0.1359375
6 0.29453125 0.37421875 0.384375 0.096875
6 0.28828125 0.3 0.3890625 0.1203125
6 0.21953125 0.4375 0.284375 0.0984375
6 0.24453125 0.51484375 0.3640625 0.0984375
6 0.22734375 0.5828125 0.365625 0.103125
14 0.5453125 0.1734375 0.58125 0.115625
6 0.19140625 0.65703125 0.315625 0.1046875
2 0.5 0.5 1 1