0 0.63984375 0.1875 0.128125 0.053125
0 0.4421875 0.3796875 0.3078125 0.0515625
0 0.44375 0.45390625 0.30625 0.0546875
0 0.44296875 0.53828125 0.2890625 0.0546875
6 0.1953125 0.19609375 0.1984375 0.0328125
6 0.19296875 0.32890625 0.11875 0.0296875
6 0.23359375 0.65234375 0.103125 0.0328125
6 0.24140625 0.7515625 0.109375 0.0359375
6 0.24453125 0.853125 0.1265625 0.0390625
17 0.4375 0.63984375 0.0921875 0.034375
17 0.44453125 0.73203125 0.0953125 0.0390625
17 0.45546875 0.8296875 0.1109375 0.0359375