0 0.70234375 0.9015625 0.2625 0.1
14 0.51484375 0.1609375 0.525 0.1171875
5 0.67265625 0.36953125 0.3875 0.115625
5 0.6609375 0.43515625 0.3625 0.096875
5 0.5875 0.4875 0.465625 0.125
5 0.59765625 0.553125 0.3890625 0.109375
5 0.59375 0.61640625 0.4 0.109375
11 0.56015625 0.6875 0.43125 0.1296875
6 0.27890625 0.38671875 0.346875 0.09375
6 0.275 0.31953125 0.3515625 0.1140625
6 0.2109375 0.44296875 0.2578125 0.09375
6 0.23203125 0.5125 0.328125 0.0953125
6 0.215625 0.57421875 0.33125 0.1
14 0.509375 0.20859375 0.525 0.1125
6 0.18125 0.64140625 0.2859375 0.1
2 0.5 0.5046875 1 0.959375