0 0.76171875 0.02578125 0.1828125 0.0515625
6 0.23984375 0.090625 0.1578125 0.0609375
6 0.1515625 0.284375 0.303125 0.075
6 0.17734375 0.32421875 0.3546875 0.0859375
16 0.18828125 0.38046875 0.3765625 0.1140625
16 0.10390625 0.6734375 0.171875 0.071875
6 0.62421875 0.58671875 0.18125 0.075
6 0.075 0.6109375 0.13125 0.0453125
6 0.58984375 0.52890625 0.1484375 0.0421875
4 0.3640625 0.5875 0.1421875 0.1390625
4 0.81640625 0.515625 0.1328125 0.1390625
2 0.44375 0.2921875 0.8875 0.346875
7 0.7765625 0.06484375 0.1265625 0.040625
7 0.6078125 0.090625 0.1234375 0.0421875
7 0.47265625 0.10859375 0.1109375 0.0390625
7 0.340625 0.13046875 0.1171875 0.0390625
7 0.19921875 0.15078125 0.11875 0.040625
7 0.0515625 0.175 0.103125 0.040625
7 0.575 0.48515625 0.153125 0.0484375
7 0.05390625 0.5640625 0.1 0.0359375
2 0.23203125 0.603125 0.4640625 0.2578125
2 0.71796875 0.5328125 0.4875 0.2609375