0 0.86328125 0.046875 0.1703125 0.0625
6 0.0765625 0.14375 0.140625 0.0390625
6 0.375 0.10703125 0.146875 0.0546875
6 0.27734375 0.2859375 0.3078125 0.0640625
6 0.3015625 0.32265625 0.353125 0.0734375
16 0.3125 0.378125 0.375 0.1
16 0.23203125 0.64921875 0.178125 0.065625
6 0.725 0.575 0.1671875 0.0671875
6 0.203125 0.58984375 0.14375 0.0421875
6 0.69453125 0.5203125 0.1375 0.0375
4 0.4828125 0.57109375 0.13125 0.128125
4 0.9046875 0.51171875 0.121875 0.1265625
2 0.5234375 0.3 0.9046875 0.3140625
7 0.87578125 0.09140625 0.1171875 0.0359375
7 0.71875 0.1125 0.115625 0.0375
7 0.5921875 0.12734375 0.103125 0.034375
7 0.46875 0.1453125 0.109375 0.034375
7 0.3375 0.1625 0.1109375 0.0359375
7 0.1921875 0.1828125 0.1109375 0.0359375
7 0.68125 0.48046875 0.1421875 0.0421875
7 0.18515625 0.54765625 0.1140625 0.034375
2 0.34375 0.5859375 0.4640625 0.2359375
2 0.79296875 0.52578125 0.4140625 0.2328125
7 0.06640625 0.20234375 0.109375 0.0375