0 0.9015625 0.1 0.1625 0.046875
6 0.128125 0.07265625 0.1359375 0.0265625
6 0.42265625 0.0828125 0.140625 0.0421875
6 0.3 0.240625 0.3015625 0.0375
6 0.31796875 0.28046875 0.3453125 0.0421875
16 0.31875 0.33515625 0.3640625 0.0671875
16 0.2 0.584375 0.171875 0.05
6 0.6875 0.5875 0.1609375 0.0515625
6 0.18203125 0.52265625 0.1390625 0.0296875
6 0.66640625 0.53046875 0.134375 0.025
4 0.4546875 0.54765625 0.11875 0.115625
4 0.87109375 0.5546875 0.109375 0.115625
2 0.53515625 0.29140625 0.8734375 0.2328125
7 0.90703125 0.1453125 0.1140625 0.0265625
7 0.7515625 0.140625 0.1109375 0.0265625
7 0.62734375 0.13515625 0.1 0.025
7 0.50546875 0.134375 0.1046875 0.025
7 0.37578125 0.13046875 0.10625 0.0265625
7 0.23203125 0.128125 0.10625 0.0265625
7 0.66015625 0.48984375 0.1390625 0.0296875
7 0.171875 0.478125 0.109375 0.025
2 0.31796875 0.540625 0.440625 0.1953125
2 0.78046875 0.5546875 0.4296875 0.19375
7 0.10859375 0.12734375 0.10625 0.028125