4 0.3765625 0.21484375 0.121875 0.090625
6 0.38828125 0.321875 0.26875 0.0265625
6 0.165625 0.5609375 0.1859375 0.03125
6 0.15625 0.6125 0.146875 0.0171875
6 0.55703125 0.59609375 0.1421875 0.0234375
6 0.128125 0.71640625 0.1 0.025
6 0.509375 0.71796875 0.0984375 0.0234375
11 0.20390625 0.7796875 0.2375 0.0328125
11 0.6328125 0.76796875 0.3359375 0.0328125
1 0.5375 0.84765625 0.6953125 0.0390625
0 0.86328125 0.9234375 0.1046875 0.0359375
5 0.19765625 0.65625 0.225 0.034375
5 0.596875 0.64609375 0.26875 0.0375
16 0.5140625 0.42265625 0.784375 0.1171875