4 0.36328125 0.22109375 0.1265625 0.0984375
6 0.3828125 0.32578125 0.265625 0.0453125
6 0.18046875 0.578125 0.1859375 0.04375
6 0.175 0.62890625 0.1453125 0.028125
6 0.56875 0.58515625 0.140625 0.0328125
6 0.15390625 0.73359375 0.1015625 0.03125
6 0.5296875 0.709375 0.0984375 0.028125
11 0.2328125 0.790625 0.2359375 0.0484375
11 0.65546875 0.75 0.3328125 0.0546875
1 0.56640625 0.83515625 0.6859375 0.0859375
0 0.8921875 0.8875 0.10625 0.0421875
5 0.21875 0.66953125 0.2234375 0.05
5 0.61171875 0.63203125 0.2671875 0.05625
16 0.5140625 0.4171875 0.778125 0.16875