4 0.40390625 0.20078125 0.1484375 0.1171875
6 0.43046875 0.3203125 0.30625 0.0625
6 0.2078125 0.61796875 0.2125 0.05625
6 0.203125 0.67578125 0.1671875 0.0375
6 0.6546875 0.61015625 0.1625 0.04375
6 0.18359375 0.796875 0.115625 0.0390625
6 0.61484375 0.75390625 0.1125 0.0375
11 0.2765625 0.85859375 0.271875 0.065625
11 0.76015625 0.7953125 0.3828125 0.0765625
1 0.6328125 0.89609375 0.734375 0.1265625
0 0.98828125 0.93359375 0.0234375 0.0234375
5 0.2546875 0.7203125 0.2578125 0.065625
5 0.70546875 0.66171875 0.3078125 0.075
16 0.56484375 0.42109375 0.859375 0.2203125