6 0.14296875 0.24296875 0.1078125 0.034375
6 0.209375 0.465625 0.178125 0.0328125
6 0.23671875 0.53828125 0.2515625 0.0421875
6 0.184375 0.61953125 0.1390625 0.034375
6 0.5390625 0.64375 0.0734375 0.0234375
9 0.1828125 0.29296875 0.190625 0.0359375
9 0.18203125 0.3375 0.1953125 0.0328125
9 0.15234375 0.38359375 0.140625 0.040625
5 0.53984375 0.4890625 0.303125 0.046875
5 0.5515625 0.5625 0.3359375 0.05
5 0.56953125 0.684375 0.1640625 0.04375
5 0.225 0.6640625 0.2453125 0.0484375
0 0.76875 0.77734375 0.3125 0.0625