6 0.1640625 0.2046875 0.1109375 0.0390625
6 0.225 0.43515625 0.18125 0.0390625
6 0.25 0.509375 0.25625 0.0515625
6 0.19453125 0.59140625 0.1421875 0.0390625
6 0.5546875 0.628125 0.0765625 0.0265625
9 0.20390625 0.2578125 0.1953125 0.04375
9 0.20078125 0.303125 0.1984375 0.040625
9 0.16953125 0.3484375 0.14375 0.0453125
5 0.5625 0.46953125 0.3109375 0.0578125
5 0.5703125 0.54609375 0.34375 0.0640625
5 0.58515625 0.67109375 0.1671875 0.05
5 0.23359375 0.6375 0.25 0.0578125
0 0.78515625 0.77265625 0.31875 0.075