6 0.10625 0.2015625 0.121875 0.0453125
6 0.1671875 0.453125 0.1984375 0.046875
6 0.19453125 0.5359375 0.2796875 0.0609375
6 0.13125 0.6234375 0.1546875 0.0453125
6 0.525 0.6703125 0.0828125 0.03125
9 0.1484375 0.259375 0.2140625 0.0515625
9 0.14375 0.309375 0.2171875 0.0484375
9 0.109375 0.35859375 0.1578125 0.053125
5 0.53515625 0.49765625 0.3390625 0.06875
5 0.54296875 0.58046875 0.375 0.0765625
5 0.55703125 0.71796875 0.1828125 0.0578125
5 0.17421875 0.675 0.2734375 0.06875
0 0.7734375 0.8328125 0.3484375 0.0875