6 0.19765625 0.2515625 0.1453125 0.03125
6 0.34453125 0.3578125 0.184375 0.028125
6 0.6484375 0.37265625 0.059375 0.028125
6 0.64453125 0.46953125 0.0671875 0.0296875
6 0.35078125 0.45234375 0.1984375 0.0296875
6 0.34921875 0.4 0.1765625 0.0265625
6 0.3546875 0.48984375 0.1859375 0.0265625
6 0.32421875 0.54921875 0.15 0.025
6 0.3640625 0.58671875 0.1890625 0.0265625
6 0.6453125 0.56875 0.0625 0.0328125
6 0.3390625 0.63671875 0.171875 0.0296875
6 0.6390625 0.63984375 0.075 0.0296875
6 0.3171875 0.7390625 0.1546875 0.0296875
0 0.5703125 0.7484375 0.1171875 0.0375
2 0.4609375 0.36875 0.4875 0.1296875
2 0.46015625 0.46640625 0.484375 0.1125
2 0.46171875 0.559375 0.4828125 0.140625
2 0.4578125 0.6328125 0.4671875 0.078125
2 0.43515625 0.74296875 0.43125 0.0640625