6 0.178125 0.20234375 0.159375 0.0390625
6 0.35078125 0.30078125 0.203125 0.0375
6 0.6828125 0.28203125 0.065625 0.0328125
6 0.690625 0.3890625 0.075 0.034375
6 0.36796875 0.403125 0.21875 0.040625
6 0.3609375 0.346875 0.19375 0.0375
6 0.37734375 0.44375 0.2046875 0.0375
6 0.35 0.5109375 0.165625 0.0328125
6 0.39765625 0.54765625 0.2078125 0.0359375
6 0.70234375 0.49609375 0.0703125 0.0375
6 0.3765625 0.6046875 0.1890625 0.0390625
6 0.703125 0.57421875 0.084375 0.0359375
6 0.3640625 0.71875 0.1703125 0.0375
0 0.640625 0.70078125 0.128125 0.0453125
2 0.478125 0.3 0.5375 0.159375
2 0.48984375 0.40703125 0.534375 0.140625
2 0.5015625 0.5078125 0.5328125 0.171875
2 0.5046875 0.58828125 0.5140625 0.1046875
2 0.49375 0.71015625 0.4734375 0.0859375