6 0.2046875 0.209375 0.1671875 0.0296875
6 0.38046875 0.3265625 0.215625 0.025
6 0.73359375 0.33125 0.0671875 0.0296875
6 0.73359375 0.4453125 0.078125 0.03125
6 0.390625 0.4375 0.2296875 0.028125
6 0.3875 0.37578125 0.203125 0.025
6 0.396875 0.4796875 0.215625 0.025
6 0.36328125 0.55 0.175 0.0234375
6 0.41171875 0.5921875 0.21875 0.021875
6 0.73828125 0.559375 0.071875 0.0359375
6 0.38515625 0.65078125 0.2 0.028125
6 0.7328125 0.64296875 0.0875 0.03125
6 0.36328125 0.77109375 0.1796875 0.028125
0 0.6578125 0.77265625 0.134375 0.0375
2 0.51484375 0.33515625 0.5625 0.13125
2 0.51875 0.44921875 0.559375 0.1109375
2 0.52421875 0.55703125 0.55625 0.14375
2 0.521875 0.6421875 0.540625 0.071875
2 0.50078125 0.77109375 0.5 0.05625