6 0.1734375 0.2171875 0.121875 0.0390625
6 0.2078125 0.27265625 0.1765625 0.0390625
6 0.221875 0.45078125 0.0796875 0.025
6 0.50625 0.43984375 0.0890625 0.028125
6 0.78359375 0.43203125 0.0953125 0.0265625
6 0.209375 0.6265625 0.103125 0.03125
6 0.4421875 0.60703125 0.096875 0.0296875
6 0.75625 0.60078125 0.109375 0.03125
6 0.23125 0.72734375 0.1765625 0.05
11 0.86953125 0.2375 0.2296875 0.0625
4 0.2328125 0.38828125 0.1546875 0.1046875
4 0.50703125 0.37890625 0.1703125 0.1109375
4 0.78359375 0.37109375 0.184375 0.1140625
4 0.2109375 0.56796875 0.1484375 0.0765625
4 0.44375 0.5546875 0.1859375 0.0859375
4 0.76484375 0.54609375 0.15 0.0921875
1 0.52109375 0.71484375 0.2 0.05
1 0.54765625 0.7640625 0.2734375 0.0625
1 0.52734375 0.82265625 0.2484375 0.0578125
0 0.8421875 0.875 0.1765625 0.075