6 0.1953125 0.1421875 0.11875 0.0390625
6 0.22890625 0.19609375 0.171875 0.040625
6 0.24609375 0.36875 0.078125 0.025
6 0.5234375 0.3546875 0.0859375 0.028125
6 0.79296875 0.3421875 0.0921875 0.028125
6 0.2375 0.540625 0.1015625 0.03125
6 0.4640625 0.51796875 0.0953125 0.0296875
6 0.76875 0.50703125 0.1078125 0.0328125
6 0.26015625 0.63828125 0.1734375 0.0515625
11 0.8671875 0.1515625 0.2109375 0.0625
4 0.25546875 0.30859375 0.1515625 0.1046875
4 0.52265625 0.29375 0.16875 0.1109375
4 0.7921875 0.28203125 0.1828125 0.1140625
4 0.23828125 0.48359375 0.1453125 0.0765625
4 0.4640625 0.4671875 0.1828125 0.0859375
4 0.7765625 0.453125 0.1484375 0.0921875
1 0.5421875 0.62109375 0.1953125 0.053125
1 0.56875 0.66875 0.2671875 0.065625
1 0.55 0.72578125 0.24375 0.059375
0 0.85703125 0.771875 0.1734375 0.075