6 0.25546875 0.17265625 0.1109375 0.0296875
6 0.28359375 0.22578125 0.1609375 0.0265625
6 0.2875 0.3890625 0.0734375 0.01875
6 0.55 0.39375 0.08125 0.021875
6 0.80546875 0.39921875 0.0875 0.0203125
6 0.26875 0.55078125 0.09375 0.0234375
6 0.48359375 0.54453125 0.0890625 0.021875
6 0.77109375 0.55390625 0.1 0.0234375
6 0.28359375 0.64453125 0.1609375 0.0375
11 0.8921875 0.225 0.20625 0.0453125
4 0.30078125 0.3328125 0.1375 0.090625
4 0.553125 0.3375 0.153125 0.09375
4 0.80859375 0.34375 0.165625 0.096875
4 0.27265625 0.496875 0.134375 0.0625
4 0.4875 0.49609375 0.16875 0.06875
4 0.78203125 0.50390625 0.134375 0.078125
1 0.55 0.646875 0.1828125 0.0375
1 0.57265625 0.6921875 0.25 0.04375
1 0.5515625 0.74609375 0.228125 0.040625
0 0.8375 0.809375 0.1609375 0.0609375