6 0.16640625 0.35 0.10625 0.046875
6 0.2453125 0.796875 0.2953125 0.0515625
1 0.22578125 0.84921875 0.290625 0.053125
1 0.2328125 0.91953125 0.3 0.0546875
1 0.2328125 0.97421875 0.3 0.0515625
0 0.66328125 0.68984375 0.1703125 0.053125
0 0.42890625 0.3359375 0.1265625 0.0484375
0 0.58984375 0.3265625 0.1375 0.05
0 0.7578125 0.315625 0.15 0.046875
4 0.5890625 0.475 0.0609375 0.046875
4 0.67578125 0.47421875 0.0578125 0.0546875
4 0.759375 0.46796875 0.0609375 0.0546875
4 0.590625 0.553125 0.0546875 0.0453125
4 0.68359375 0.54765625 0.065625 0.0515625
4 0.78125 0.5421875 0.0765625 0.0546875