6 0.19765625 0.2796875 0.10625 0.0515625
6 0.29921875 0.71953125 0.29375 0.0671875
1 0.28203125 0.77265625 0.2890625 0.0671875
1 0.29296875 0.84140625 0.2984375 0.0703125
1 0.296875 0.89765625 0.2984375 0.0671875
1 0.3015625 0.95859375 0.28125 0.06875
0 0.6484375 0.91171875 0.13125 0.0546875
0 0.709375 0.59140625 0.1703125 0.0625
0 0.4578125 0.25234375 0.128125 0.0546875
0 0.6171875 0.23515625 0.1375 0.0578125
0 0.78359375 0.21484375 0.15 0.0546875
4 0.62421875 0.38203125 0.0609375 0.0484375
4 0.7109375 0.37734375 0.059375 0.05625
4 0.79296875 0.36640625 0.0625 0.05625
4 0.6296875 0.459375 0.0546875 0.0484375
4 0.721875 0.45 0.0671875 0.0546875
4 0.81875 0.43828125 0.078125 0.0578125