6 0.24296875 0.271875 0.0984375 0.040625
6 0.2578125 0.7 0.278125 0.0390625
1 0.2328125 0.746875 0.2734375 0.040625
1 0.23125 0.81328125 0.2828125 0.0421875
1 0.22421875 0.865625 0.2828125 0.0390625
1 0.2171875 0.9234375 0.265625 0.0421875
0 0.5484375 0.9421875 0.1234375 0.040625
0 0.66328125 0.6546875 0.159375 0.0453125
0 0.490625 0.29453125 0.11875 0.0421875
0 0.64140625 0.30625 0.1296875 0.04375
0 0.80078125 0.31796875 0.140625 0.040625
4 0.621875 0.44453125 0.05625 0.0421875
4 0.703125 0.45625 0.053125 0.05
4 0.78203125 0.4609375 0.05625 0.05
4 0.61328125 0.51875 0.05 0.0421875
4 0.70078125 0.525 0.0609375 0.046875
4 0.7921875 0.53359375 0.0703125 0.0484375