6 0.3859375 0.1390625 0.2109375 0.0390625
6 0.54375 0.34140625 0.1890625 0.034375
6 0.2609375 0.34375 0.146875 0.03125
6 0.27734375 0.453125 0.128125 0.03125
6 0.2734375 0.5421875 0.1453125 0.0375
6 0.3046875 0.6203125 0.21875 0.046875
6 0.35234375 0.68671875 0.15625 0.0359375
14 0.41015625 0.23203125 0.296875 0.06875
14 0.5296875 0.4015625 0.1421875 0.046875
14 0.265625 0.40546875 0.171875 0.0578125
3 0.25078125 0.678125 0.040625 0.0578125
3 0.25078125 0.74765625 0.0328125 0.05625
3 0.1890625 0.44609375 0.0296875 0.0421875
3 0.31875 0.7515625 0.05625 0.065625
3 0.4 0.75546875 0.05625 0.065625
4 0.55625 0.67890625 0.11875 0.190625
0 0.5390625 0.4640625 0.1234375 0.0546875
2 0.2640625 0.38671875 0.2109375 0.1890625
2 0.53828125 0.4015625 0.2234375 0.225