6 0.396875 0.13984375 0.2203125 0.0375
6 0.5734375 0.34296875 0.196875 0.0328125
6 0.27734375 0.36171875 0.153125 0.03125
6 0.3 0.475 0.1328125 0.03125
6 0.30078125 0.5671875 0.1515625 0.0359375
6 0.33828125 0.64921875 0.228125 0.046875
6 0.39140625 0.7140625 0.1625 0.0359375
14 0.4265625 0.23671875 0.3109375 0.065625
14 0.56171875 0.40703125 0.1484375 0.046875
14 0.28515625 0.4265625 0.1796875 0.0578125
3 0.284375 0.7109375 0.0421875 0.059375
3 0.28828125 0.784375 0.034375 0.0578125
3 0.20703125 0.47265625 0.0296875 0.04375
3 0.359375 0.78359375 0.0578125 0.0671875
3 0.44453125 0.7828125 0.0578125 0.0671875
4 0.60390625 0.6953125 0.121875 0.1984375
0 0.57421875 0.471875 0.128125 0.0546875
2 0.2828125 0.40625 0.21875 0.19375
2 0.57109375 0.40546875 0.23125 0.23125