6 0.36015625 0.2328125 0.190625 0.0515625
6 0.52890625 0.39140625 0.171875 0.0453125
6 0.27734375 0.43359375 0.134375 0.040625
6 0.3078125 0.5296875 0.115625 0.0390625
6 0.31640625 0.609375 0.1328125 0.04375
6 0.35625 0.675 0.1984375 0.0609375
6 0.4078125 0.72734375 0.14375 0.0453125
14 0.39453125 0.31328125 0.2703125 0.084375
14 0.525 0.44765625 0.13125 0.053125
14 0.28984375 0.4890625 0.1578125 0.065625
3 0.315625 0.73359375 0.040625 0.0546875
3 0.32578125 0.79609375 0.034375 0.0515625
3 0.22734375 0.5359375 0.0296875 0.0390625
3 0.3859375 0.78984375 0.05625 0.0625
3 0.45859375 0.78125 0.05625 0.0625
4 0.58828125 0.690625 0.121875 0.18125
0 0.5421875 0.5015625 0.1140625 0.0578125
2 0.2859375 0.471875 0.203125 0.1859375
2 0.53359375 0.4453125 0.2171875 0.21875