2 0.37265625 0.63125 0.7453125 0.43125
4 0.403125 0.16796875 0.2046875 0.1625
6 0.37265625 0.2828125 0.2140625 0.0703125
6 0.1859375 0.49921875 0.140625 0.040625
6 0.0921875 0.56796875 0.0796875 0.028125
6 0.10078125 0.61171875 0.109375 0.0390625
6 0.0796875 0.6546875 0.075 0.0296875
6 0.06796875 0.7 0.0765625 0.0265625
0 0.6265625 0.8859375 0.1640625 0.0578125
5 0.3390625 0.59375 0.34375 0.06875
5 0.3359375 0.6375 0.353125 0.065625
5 0.32890625 0.68671875 0.309375 0.06875
5 0.33359375 0.7375 0.328125 0.0765625
7 0.090625 0.321875 0.1140625 0.0359375
7 0.21953125 0.34140625 0.121875 0.0390625
7 0.35390625 0.359375 0.1171875 0.0390625
7 0.4953125 0.3765625 0.1421875 0.0375
7 0.63984375 0.39375 0.1625 0.0453125
3 0.1390625 0.659375 0.0453125 0.0390625
3 0.13203125 0.7046875 0.046875 0.0375