2 0.45234375 0.68203125 0.7609375 0.4265625
4 0.478125 0.2078125 0.20625 0.1625
6 0.44921875 0.32578125 0.2171875 0.06875
6 0.26328125 0.55 0.1421875 0.0390625
6 0.16796875 0.62109375 0.0796875 0.0265625
6 0.178125 0.665625 0.1109375 0.0390625
6 0.1578125 0.71015625 0.0765625 0.028125
6 0.1453125 0.75625 0.078125 0.025
0 0.71875 0.9359375 0.1671875 0.05625
5 0.4203125 0.64296875 0.35 0.0640625
5 0.41796875 0.6875 0.359375 0.0609375
5 0.4125 0.73828125 0.3140625 0.065625
5 0.41796875 0.78984375 0.3328125 0.071875
7 0.1625 0.37109375 0.115625 0.0359375
7 0.29453125 0.38828125 0.125 0.0375
7 0.43046875 0.40390625 0.11875 0.0390625
7 0.57578125 0.41953125 0.1453125 0.0359375
7 0.7234375 0.43359375 0.165625 0.04375
3 0.2171875 0.7140625 0.0453125 0.0390625
3 0.2109375 0.759375 0.046875 0.0375