2 0.4625 0.58984375 0.7328125 0.39375
4 0.4703125 0.1265625 0.196875 0.1515625
6 0.446875 0.2421875 0.2109375 0.059375
6 0.27265625 0.4671875 0.1390625 0.034375
6 0.18203125 0.540625 0.078125 0.0234375
6 0.19375 0.58359375 0.1078125 0.034375
6 0.175 0.6265625 0.0734375 0.025
6 0.16484375 0.6734375 0.0765625 0.021875
0 0.73046875 0.82890625 0.1625 0.05
5 0.42890625 0.553125 0.3421875 0.05
5 0.42890625 0.596875 0.3515625 0.0484375
5 0.425 0.64609375 0.30625 0.053125
5 0.43125 0.69609375 0.325 0.059375
7 0.16875 0.296875 0.1125 0.0296875
7 0.29765625 0.3078125 0.1203125 0.0328125
7 0.43203125 0.31875 0.115625 0.034375
7 0.5734375 0.3296875 0.140625 0.0296875
7 0.71796875 0.3390625 0.1609375 0.0375
3 0.234375 0.62890625 0.0421875 0.0359375
3 0.22890625 0.6734375 0.0453125 0.034375