4 0.15625 0.22890625 0.1390625 0.0625
4 0.378125 0.3796875 0.375 0.153125
4 0.128125 0.8765625 0.1078125 0.078125
4 0.34375 0.86484375 0.1265625 0.0828125
4 0.57734375 0.84609375 0.1296875 0.0859375
7 0.40234375 0.20859375 0.109375 0.03125
7 0.53984375 0.19609375 0.1265625 0.0390625
7 0.68046875 0.1796875 0.134375 0.0390625
7 0.80546875 0.16796875 0.1046875 0.0421875
6 0.51015625 0.5234375 0.625 0.09375
0 0.415625 0.6109375 0.259375 0.090625
6 0.4203125 0.74453125 0.2421875 0.0546875
4 0.74140625 0.83125 0.1203125 0.0859375