4 0.21015625 0.196875 0.1375 0.0546875
4 0.409375 0.378125 0.3703125 0.1296875
4 0.09140625 0.83828125 0.1046875 0.071875
4 0.30703125 0.85703125 0.1234375 0.075
4 0.54296875 0.86953125 0.1265625 0.078125
7 0.4578125 0.2109375 0.109375 0.025
7 0.59609375 0.2171875 0.1265625 0.0296875
7 0.7390625 0.2203125 0.134375 0.0296875
7 0.8640625 0.2265625 0.1046875 0.034375
6 0.52109375 0.5390625 0.628125 0.05
0 0.41484375 0.6125 0.2578125 0.0734375
6 0.40078125 0.746875 0.2421875 0.0390625
4 0.7078125 0.878125 0.115625 0.078125