4 0.26875 0.22421875 0.1640625 0.078125
7 0.46171875 0.225 0.1890625 0.0359375
7 0.69375 0.2078125 0.1953125 0.0453125
6 0.16171875 0.42109375 0.090625 0.0390625
6 0.28359375 0.68203125 0.090625 0.0328125
6 0.3125 0.728125 0.153125 0.03125
0 0.82109375 0.9140625 0.128125 0.0484375
17 0.17734375 0.6796875 0.08125 0.0359375
17 0.17890625 0.73125 0.08125 0.034375
1 0.2203125 0.46953125 0.16875 0.034375
1 0.22890625 0.521875 0.1953125 0.0359375
9 0.2671875 0.571875 0.259375 0.04375
9 0.27265625 0.625 0.275 0.040625