4 0.31875 0.25 0.1625 0.0734375
7 0.5109375 0.25390625 0.1875 0.0328125
7 0.74296875 0.2421875 0.19375 0.0421875
6 0.21015625 0.44375 0.0890625 0.0375
6 0.3265625 0.7046875 0.0890625 0.03125
6 0.35546875 0.75078125 0.1515625 0.0296875
0 0.85703125 0.94453125 0.1265625 0.0453125
17 0.2203125 0.7 0.08125 0.034375
17 0.221875 0.7515625 0.0796875 0.0328125
1 0.26796875 0.49296875 0.1671875 0.03125
1 0.275 0.5453125 0.19375 0.0328125
9 0.31171875 0.5953125 0.2578125 0.0390625
9 0.31640625 0.64765625 0.2734375 0.0359375