4 0.27109375 0.2453125 0.1640625 0.0875
7 0.45859375 0.2296875 0.1859375 0.05
7 0.68203125 0.19453125 0.1921875 0.0609375
6 0.184375 0.4453125 0.090625 0.046875
6 0.32421875 0.6859375 0.090625 0.0390625
6 0.35703125 0.728125 0.15 0.04375
0 0.86484375 0.865625 0.128125 0.05625
17 0.22109375 0.69296875 0.0828125 0.0421875
17 0.22734375 0.7421875 0.08125 0.040625
1 0.246875 0.48671875 0.165625 0.046875
1 0.2578125 0.53671875 0.190625 0.0515625
9 0.29921875 0.58125 0.253125 0.0640625
9 0.309375 0.63203125 0.26875 0.0625