6 0.440625 0.08984375 0.6046875 0.1125
6 0.49609375 0.203125 0.725 0.125
6 0.203125 0.27890625 0.1578125 0.0640625
6 0.22578125 0.38828125 0.240625 0.0734375
14 0.26640625 0.240625 0.334375 0.0703125
14 0.57109375 0.31640625 0.5453125 0.0984375
14 0.46875 0.359375 0.6796875 0.096875
14 0.615625 0.428125 0.5296875 0.0828125
14 0.4015625 0.4578125 0.56875 0.078125
4 0.13125 0.49296875 0.1578125 0.1296875
4 0.45234375 0.82109375 0.8953125 0.3578125
0 0.17734375 0.5796875 0.2625 0.0921875
0 0.21796875 0.63671875 0.3609375 0.109375
2 0.48125 0.5 0.9625 1