6 0.4375 0.10390625 0.5984375 0.090625
6 0.496875 0.2140625 0.7171875 0.0984375
6 0.209375 0.2984375 0.1546875 0.059375
6 0.23515625 0.40625 0.2375 0.065625
14 0.27109375 0.25859375 0.3296875 0.059375
14 0.575 0.3234375 0.540625 0.078125
14 0.475 0.36875 0.6734375 0.071875
14 0.62265625 0.43125 0.525 0.0640625
14 0.4125 0.46875 0.5625 0.0578125
4 0.14609375 0.5125 0.153125 0.1234375
4 0.47421875 0.83125 0.8796875 0.3375
0 0.19375 0.596875 0.259375 0.0828125
0 0.23671875 0.65234375 0.3546875 0.096875
2 0.49140625 0.50625 0.9265625 0.9875