6 0.45 0.11484375 0.5984375 0.090625
6 0.50859375 0.225 0.7171875 0.0984375
6 0.22109375 0.31015625 0.1546875 0.059375
6 0.24765625 0.4171875 0.2375 0.065625
14 0.2828125 0.26953125 0.3296875 0.059375
14 0.58671875 0.334375 0.540625 0.078125
14 0.48671875 0.3796875 0.6734375 0.071875
14 0.634375 0.4421875 0.525 0.0640625
14 0.425 0.4796875 0.5625 0.0578125
4 0.1578125 0.5234375 0.153125 0.1234375
4 0.48671875 0.83671875 0.8796875 0.3265625
0 0.20546875 0.6078125 0.259375 0.0828125
0 0.24921875 0.6625 0.3546875 0.096875
2 0.50234375 0.51171875 0.9265625 0.9765625