5 0.2078125 0.03984375 0.234375 0.0796875
1 0.33828125 0.3859375 0.425 0.0953125
1 0.315625 0.621875 0.4078125 0.078125
1 0.25625 0.80859375 0.3125 0.059375
1 0.25234375 0.859375 0.3109375 0.0578125
17 0.859375 0.165625 0.1125 0.0484375
17 0.81875 0.3390625 0.1203125 0.05
17 0.78984375 0.58828125 0.121875 0.0390625
17 0.7875 0.77109375 0.121875 0.0484375
14 0.61015625 0.059375 0.4734375 0.0734375
14 0.44609375 0.15 0.6421875 0.0625
14 0.56171875 0.23515625 0.2546875 0.04375
14 0.4234375 0.31640625 0.5703125 0.0703125
14 0.4703125 0.50703125 0.2484375 0.04375
14 0.41484375 0.55703125 0.5828125 0.075
14 0.453125 0.70234375 0.2515625 0.0453125
14 0.40234375 0.76015625 0.596875 0.0546875