5 0.13828125 0.14921875 0.23125 0.096875
1 0.309375 0.4671875 0.415625 0.1203125
1 0.31953125 0.69765625 0.396875 0.103125
1 0.28828125 0.8859375 0.30625 0.078125
1 0.290625 0.93515625 0.3046875 0.0765625
17 0.78046875 0.18515625 0.1125 0.0546875
17 0.765625 0.3578125 0.11875 0.05625
17 0.77109375 0.60078125 0.1203125 0.046875
17 0.79296875 0.778125 0.1203125 0.0546875
14 0.5265625 0.1171875 0.4609375 0.103125
14 0.38125 0.2265625 0.621875 0.103125
14 0.50390625 0.2921875 0.2484375 0.059375
14 0.38203125 0.38984375 0.5546875 0.10625
14 0.45234375 0.56640625 0.240625 0.0578125
14 0.40703125 0.621875 0.5671875 0.1125
14 0.46328125 0.75703125 0.2453125 0.0609375
14 0.421875 0.81953125 0.5796875 0.0921875