5 0.17734375 0.03671875 0.2359375 0.0734375
1 0.27578125 0.37734375 0.4234375 0.1296875
1 0.23359375 0.60703125 0.4046875 0.1109375
1 0.15859375 0.7859375 0.3109375 0.084375
1 0.15234375 0.8359375 0.3046875 0.084375
17 0.8078125 0.2046875 0.1140625 0.0578125
17 0.75234375 0.37265625 0.121875 0.059375
17 0.703125 0.615625 0.121875 0.05
17 0.68515625 0.79609375 0.1234375 0.0578125
14 0.5703125 0.0796875 0.4703125 0.1125
14 0.4015625 0.1546875 0.6328125 0.115625
14 0.5078125 0.24765625 0.253125 0.065625
14 0.365625 0.31640625 0.5640625 0.11875
14 0.39453125 0.5078125 0.2453125 0.0625
14 0.33671875 0.55234375 0.5765625 0.125
14 0.36171875 0.6984375 0.25 0.065625
14 0.30703125 0.75078125 0.5890625 0.1046875