14 0.3859375 0.10234375 0.25 0.05
14 0.4328125 0.190625 0.675 0.0453125
16 0.42578125 0.27578125 0.653125 0.10625
1 0.23984375 0.4046875 0.2875 0.053125
1 0.37890625 0.4828125 0.54375 0.08125
1 0.36171875 0.55859375 0.4796875 0.0625
1 0.33984375 0.6390625 0.440625 0.053125
1 0.35859375 0.71796875 0.475 0.05625
1 0.32734375 0.79609375 0.41875 0.0515625
0 0.26875 0.9046875 0.2859375 0.0890625
0 0.6140625 0.903125 0.3125 0.0859375
2 0.4484375 0.51015625 0.846875 0.9734375
2 0.41328125 0.02265625 0.7890625 0.0453125