14 0.17421875 0.09453125 0.3484375 0.1109375
14 0.33515625 0.203125 0.2671875 0.084375
14 0.3953125 0.2890625 0.7046875 0.1328125
16 0.39921875 0.378125 0.690625 0.19375
1 0.221875 0.5359375 0.30625 0.0921875
1 0.3765625 0.59921875 0.5734375 0.153125
1 0.36796875 0.68046875 0.50625 0.125
1 0.35546875 0.765625 0.4640625 0.1125
1 0.38515625 0.84609375 0.5 0.11875
1 0.3625 0.93125 0.4421875 0.10625
0 0.31015625 0.99296875 0.2984375 0.0140625
0 0.66953125 0.9703125 0.3265625 0.059375
2 0.46875 0.52890625 0.9375 0.9421875
2 0.3828125 0.09453125 0.765625 0.1890625