0 0.06171875 0.13984375 0.1234375 0.0578125
0 0.21796875 0.1234375 0.1375 0.0609375
6 0.56875 0.08515625 0.203125 0.0734375
6 0.36015625 0.28671875 0.096875 0.0359375
6 0.4015625 0.60078125 0.134375 0.0671875
6 0.41875 0.71796875 0.1203125 0.04375
6 0.40078125 0.8578125 0.1328125 0.065625
6 0.93046875 0.784375 0.1390625 0.0625
14 0.36640625 0.353125 0.259375 0.05
14 0.37734375 0.42109375 0.215625 0.0453125
14 0.39609375 0.49765625 0.253125 0.053125
4 0.15390625 0.61015625 0.1609375 0.10625
4 0.2046875 0.87421875 0.1609375 0.10625
4 0.76015625 0.79609375 0.1234375 0.0859375