0 0.16953125 0.059375 0.1296875 0.0546875
0 0.32734375 0.07890625 0.1359375 0.0578125
6 0.6734375 0.1203125 0.2 0.06875
6 0.428125 0.26796875 0.0953125 0.034375
6 0.3984375 0.5796875 0.1328125 0.0640625
6 0.38828125 0.6953125 0.11875 0.040625
6 0.33984375 0.82734375 0.1296875 0.0625
6 0.86796875 0.87421875 0.140625 0.059375
14 0.41953125 0.3328125 0.25625 0.0453125
14 0.41484375 0.4015625 0.2125 0.0421875
14 0.41484375 0.478125 0.25 0.0484375
4 0.15703125 0.53359375 0.1578125 0.103125
4 0.14765625 0.79921875 0.1578125 0.103125
4 0.7 0.84765625 0.1203125 0.0828125