0 0.14609375 0.1046875 0.1234375 0.0453125
0 0.2984375 0.11328125 0.128125 0.046875
6 0.6328125 0.1296875 0.1890625 0.053125
6 0.40703125 0.28671875 0.090625 0.0265625
6 0.39921875 0.5875 0.125 0.053125
6 0.3984375 0.6984375 0.1125 0.03125
6 0.36015625 0.82734375 0.121875 0.0515625
6 0.86796875 0.8375 0.13125 0.046875
14 0.40390625 0.35 0.2453125 0.0265625
14 0.40390625 0.415625 0.203125 0.0265625
14 0.409375 0.4890625 0.2390625 0.0296875
4 0.16640625 0.559375 0.1453125 0.0890625
4 0.175 0.81328125 0.146875 0.0890625
4 0.70625 0.82265625 0.1109375 0.071875