4 0.43515625 0.3140625 0.2640625 0.11875
4 0.8390625 0.8671875 0.184375 0.115625
4 0.52109375 0.88515625 0.2203125 0.11875
4 0.22421875 0.91796875 0.1828125 0.1046875
5 0.18828125 0.178125 0.2578125 0.05
5 0.69765625 0.1640625 0.3125 0.0640625
0 0.253125 0.47578125 0.2 0.0546875
0 0.61796875 0.45859375 0.1875 0.0546875
0 0.4625 0.5734375 0.2046875 0.0609375
0 0.7984375 0.75234375 0.2765625 0.0625
14 0.25234375 0.675 0.2453125 0.03125
14 0.24921875 0.771875 0.2390625 0.03125
14 0.2671875 0.86171875 0.2046875 0.025