4 0.36328125 0.29453125 0.2953125 0.14375
4 0.8390625 0.8796875 0.2078125 0.1375
4 0.48984375 0.91796875 0.2484375 0.1421875
4 0.165625 0.95390625 0.20625 0.0921875
5 0.11171875 0.15703125 0.2234375 0.0671875
5 0.6421875 0.1140625 0.3453125 0.0890625
0 0.171875 0.48359375 0.2203125 0.0703125
0 0.57265625 0.44296875 0.209375 0.0703125
0 0.4078125 0.578125 0.2265625 0.0796875
0 0.7875 0.75625 0.30625 0.0859375
14 0.1828125 0.7015625 0.2703125 0.0484375
14 0.184375 0.809375 0.2625 0.046875
14 0.209375 0.90703125 0.225 0.0390625