4 0.44375 0.315625 0.290625 0.1296875
4 0.82109375 0.9515625 0.2015625 0.096875
4 0.47109375 0.94296875 0.2421875 0.1140625
4 0.14296875 0.94140625 0.2 0.090625
5 0.18984375 0.1390625 0.284375 0.0546875
5 0.7484375 0.18125 0.34375 0.0703125
0 0.22578125 0.4734375 0.21875 0.059375
0 0.628125 0.4953125 0.20625 0.059375
0 0.44375 0.60234375 0.225 0.0671875
0 0.79140625 0.83828125 0.3046875 0.0703125
14 0.20234375 0.68984375 0.2703125 0.034375
14 0.1875 0.796875 0.2625 0.034375
14 0.196875 0.896875 0.225 0.028125