6 0.13671875 0.190625 0.18125 0.065625
6 0.43203125 0.15546875 0.1296875 0.04375
6 0.76640625 0.13671875 0.2 0.071875
6 0.24921875 0.65234375 0.209375 0.059375
6 0.2796875 0.71484375 0.225 0.0546875
6 0.2609375 0.784375 0.1359375 0.040625
6 0.428125 0.8125 0.290625 0.0578125
6 0.3515625 0.8765625 0.128125 0.0390625
6 0.2953125 0.96640625 0.1421875 0.05
0 0.92421875 0.89375 0.1359375 0.053125
14 0.3765625 0.30625 0.221875 0.04375
4 0.14375 0.3234375 0.1234375 0.0765625
4 0.1625 0.40390625 0.1296875 0.065625
9 0.46328125 0.3796875 0.159375 0.059375
9 0.73515625 0.25546875 0.1875 0.0609375
9 0.75703125 0.34921875 0.203125 0.065625