6 0.16796875 0.11171875 0.184375 0.053125
6 0.47421875 0.12421875 0.1328125 0.034375
6 0.81953125 0.1578125 0.2046875 0.05625
6 0.20859375 0.6 0.2140625 0.04375
6 0.22890625 0.66953125 0.23125 0.0375
6 0.1984375 0.7375 0.1390625 0.03125
6 0.36484375 0.79296875 0.3 0.034375
6 0.27578125 0.8453125 0.1328125 0.0296875
6 0.20390625 0.92890625 0.1453125 0.0390625
0 0.85859375 0.95546875 0.1375 0.04375
14 0.39296875 0.26796875 0.228125 0.0265625
4 0.15390625 0.24765625 0.121875 0.06875
4 0.159375 0.3328125 0.1296875 0.0578125
9 0.4703125 0.35703125 0.1625 0.046875
9 0.76796875 0.27421875 0.190625 0.046875
9 0.77578125 0.3734375 0.2078125 0.0515625