6 0.13359375 0.175 0.184375 0.0609375
6 0.4359375 0.15 0.13125 0.040625
6 0.77734375 0.1421875 0.2046875 0.0671875
6 0.23203125 0.65078125 0.2125 0.0546875
6 0.2609375 0.715625 0.2296875 0.0484375
6 0.23984375 0.7859375 0.1375 0.0375
6 0.40859375 0.82109375 0.2984375 0.05
6 0.328125 0.8828125 0.13125 0.0359375
6 0.26796875 0.9734375 0.1453125 0.0453125
0 0.9125 0.92109375 0.1375 0.05
14 0.3734375 0.3015625 0.2265625 0.0375
4 0.1359375 0.31171875 0.1234375 0.0734375
4 0.1515625 0.39296875 0.13125 0.0625
9 0.46015625 0.3796875 0.1625 0.0546875
9 0.7421875 0.2625 0.190625 0.0546875
9 0.76171875 0.359375 0.2078125 0.0609375