6 0.3046875 0.1015625 0.2890625 0.0609375
6 0.31796875 0.259375 0.1046875 0.0328125
6 0.309375 0.296875 0.0984375 0.03125
6 0.3484375 0.47109375 0.259375 0.053125
6 0.340625 0.54375 0.2328125 0.05
6 0.25078125 0.6078125 0.0984375 0.028125
6 0.2421875 0.684375 0.1078125 0.03125
6 0.2359375 0.74375 0.109375 0.0390625
1 0.37734375 0.18203125 0.478125 0.0859375
1 0.34609375 0.38203125 0.478125 0.0828125
12 0.1671875 0.24296875 0.1015625 0.034375
12 0.16015625 0.278125 0.0953125 0.03125
12 0.11328125 0.58984375 0.115625 0.03125
12 0.10546875 0.634375 0.1125 0.03125
12 0.09921875 0.66796875 0.1109375 0.03125
17 0.13828125 0.44140625 0.0859375 0.0390625
17 0.12265625 0.5140625 0.0953125 0.046875
17 0.09140625 0.725 0.109375 0.04375
1 0.75546875 0.8296875 0.2953125 0.0640625
0 0.8078125 0.95078125 0.1390625 0.0515625