6 0.34375 0.0296875 0.325 0.059375
6 0.359375 0.2015625 0.1171875 0.0375
6 0.34921875 0.24375 0.1109375 0.034375
6 0.39375 0.4375 0.2890625 0.059375
6 0.384375 0.51953125 0.2609375 0.05625
6 0.28359375 0.59140625 0.1109375 0.03125
6 0.27421875 0.6765625 0.1203125 0.034375
6 0.26796875 0.74375 0.121875 0.04375
1 0.425 0.11484375 0.534375 0.096875
1 0.390625 0.33828125 0.5359375 0.09375
12 0.190625 0.1828125 0.1140625 0.0375
12 0.18359375 0.2234375 0.1078125 0.034375
12 0.13046875 0.57109375 0.1296875 0.034375
12 0.121875 0.62109375 0.1265625 0.034375
12 0.1140625 0.6578125 0.125 0.034375
17 0.1578125 0.40546875 0.096875 0.0453125
17 0.13984375 0.4859375 0.10625 0.0515625
17 0.10546875 0.72265625 0.121875 0.0484375
1 0.825 0.83671875 0.2859375 0.06875
0 0.890625 0.9734375 0.1265625 0.053125