6 0.228125 0.0453125 0.3296875 0.06875
6 0.24375 0.22578125 0.1203125 0.0375
6 0.2328125 0.26875 0.1125 0.0359375
6 0.278125 0.465625 0.2953125 0.0609375
6 0.26875 0.54921875 0.265625 0.0578125
6 0.16640625 0.62265625 0.1140625 0.0328125
6 0.15625 0.709375 0.1234375 0.0359375
6 0.15 0.778125 0.1234375 0.04375
1 0.31015625 0.1375 0.5453125 0.0984375
1 0.2796875 0.365625 0.534375 0.09375
12 0.078125 0.20703125 0.1015625 0.0375
12 0.0703125 0.24765625 0.09375 0.034375
12 0.0375 0.6046875 0.075 0.03125
12 0.03203125 0.65390625 0.0640625 0.0296875
12 0.028125 0.6921875 0.05625 0.03125
17 0.04453125 0.43359375 0.0828125 0.04375
17 0.03671875 0.51640625 0.0734375 0.0515625
17 0.0234375 0.75859375 0.046875 0.0453125
1 0.7421875 0.87578125 0.3359375 0.0734375
0 0.8 0.9921875 0.159375 0.015625