1 0.2109375 0.16484375 0.15 0.084375
1 0.56171875 0.1875 0.165625 0.0921875
1 0.8328125 0.2 0.1484375 0.0875
1 0.225 0.44921875 0.1609375 0.0984375
4 0.203125 0.275 0.303125 0.1453125
4 0.54375 0.29296875 0.296875 0.1390625
4 0.83828125 0.30546875 0.2578125 0.1234375
4 0.20703125 0.5578125 0.3 0.1484375
14 0.2125 0.65 0.215625 0.046875
14 0.22421875 0.3578125 0.2109375 0.05
14 0.56875 0.378125 0.159375 0.046875
14 0.8421875 0.3828125 0.165625 0.040625
6 0.45234375 0.01953125 0.7890625 0.0390625
6 0.51640625 0.07734375 0.9640625 0.134375
6 0.4953125 0.74140625 0.8078125 0.1375
0 0.17109375 0.85546875 0.3421875 0.1296875
0 0.7375 0.88671875 0.3796875 0.1171875
2 0.5 0.5 1 1
2 0.51640625 0.03203125 0.9671875 0.0640625