1 0.19453125 0.2265625 0.1421875 0.0828125
1 0.52109375 0.18984375 0.15625 0.090625
1 0.77109375 0.1578125 0.140625 0.0859375
1 0.253125 0.4859375 0.1515625 0.096875
4 0.20546875 0.328125 0.2859375 0.1453125
4 0.52109375 0.290625 0.28125 0.1390625
4 0.79453125 0.25390625 0.24375 0.121875
4 0.2546875 0.58828125 0.2828125 0.146875
14 0.2734375 0.671875 0.2015625 0.05
14 0.2375 0.4015625 0.196875 0.053125
14 0.5578125 0.3640625 0.15 0.0484375
14 0.81015625 0.32421875 0.1546875 0.04375
6 0.3890625 0.04296875 0.7375 0.0859375
6 0.4609375 0.096875 0.8984375 0.15625
6 0.55 0.7109375 0.7546875 0.153125
0 0.26796875 0.86875 0.3265625 0.13125
0 0.79609375 0.80546875 0.35625 0.121875
2 0.5 0.5 1 1
2 0.4625 0.05078125 0.925 0.1015625