1 0.22578125 0.19765625 0.134375 0.0703125
1 0.54921875 0.2015625 0.1484375 0.078125
1 0.7984375 0.2 0.1328125 0.0734375
1 0.25234375 0.4578125 0.14375 0.0828125
4 0.2234375 0.29921875 0.2734375 0.1203125
4 0.53671875 0.29921875 0.26875 0.1140625
4 0.809375 0.296875 0.2328125 0.1015625
4 0.240625 0.5578125 0.2703125 0.121875
14 0.25 0.6421875 0.196875 0.0328125
14 0.246875 0.37421875 0.1921875 0.0359375
14 0.56484375 0.37578125 0.1453125 0.0359375
14 0.815625 0.3671875 0.1515625 0.0296875
6 0.440625 0.0265625 0.728125 0.053125
6 0.5015625 0.103125 0.8859375 0.0765625
6 0.51484375 0.7125 0.7421875 0.0875
0 0.21953125 0.83359375 0.315625 0.1015625
0 0.74453125 0.8359375 0.3453125 0.0890625
2 0.5015625 0.51015625 0.9390625 0.9234375
2 0.50390625 0.03359375 0.9265625 0.0671875