6 0.565625 0.084375 0.86875 0.16875
2 0.715625 0.1953125 0.56875 0.18125
11 0.62265625 0.309375 0.7546875 0.2125
14 0.1328125 0.24765625 0.1875 0.0609375
14 0.18828125 0.13828125 0.296875 0.0796875
5 0.48515625 0.47578125 0.9703125 0.2546875
2 0.19375 0.940625 0.1734375 0.0703125
2 0.3765625 0.96953125 0.1875 0.059375
2 0.5765625 0.9796875 0.184375 0.040625
2 0.7703125 0.9890625 0.190625 0.021875
2 0.50703125 0.2375 0.9859375 0.475
2 0.5 0.65859375 1 0.6828125
2 0.471875 0.9328125 0.94375 0.134375