14 0.5234375 0.08125 0.80625 0.1625
14 0.26015625 0.253125 0.515625 0.1375
14 0.29453125 0.39609375 0.403125 0.115625
14 0.271875 0.54140625 0.3265625 0.10625
14 0.35703125 0.66484375 0.4703125 0.1171875
14 0.33203125 0.82421875 0.490625 0.1296875
14 0.39609375 0.9421875 0.5171875 0.115625
2 0.47421875 0.121875 0.9484375 0.24375
2 0.4828125 0.21796875 0.965625 0.3015625
2 0.49296875 0.3578125 0.9859375 0.303125
2 0.5 0.49765625 1 0.2921875
2 0.50625 0.63515625 0.9875 0.3015625
2 0.51640625 0.77109375 0.9671875 0.2921875
2 0.52578125 0.88125 0.9484375 0.2375