3 0.13515625 0.0375 0.1984375 0.075
14 0.60546875 0.1765625 0.7515625 0.11875
14 0.3296875 0.28046875 0.4796875 0.103125
14 0.3296875 0.41796875 0.375 0.0890625
14 0.27890625 0.5453125 0.303125 0.084375
14 0.33046875 0.675 0.4375 0.0875
14 0.275 0.81484375 0.45625 0.096875
14 0.30703125 0.9421875 0.48125 0.0953125
2 0.51171875 0.18125 0.9765625 0.225
2 0.50625 0.29140625 0.9875 0.2390625
2 0.50078125 0.421875 0.9984375 0.240625
2 0.5 0.553125 1 0.23125
2 0.49453125 0.68203125 0.9890625 0.2390625
2 0.48828125 0.80859375 0.9765625 0.2296875
2 0.4828125 0.91171875 0.965625 0.1765625