3 0.0796875 0.10078125 0.159375 0.1328125
14 0.5453125 0.17265625 0.7421875 0.1296875
14 0.29765625 0.325 0.475 0.1109375
14 0.32421875 0.4578125 0.3703125 0.09375
14 0.29921875 0.5921875 0.3 0.0890625
14 0.3734375 0.7078125 0.4328125 0.09375
14 0.3453125 0.85390625 0.4515625 0.1046875
14 0.4 0.96015625 0.475 0.0796875
2 0.4859375 0.1921875 0.971875 0.240625
2 0.4921875 0.29921875 0.984375 0.2546875
2 0.49921875 0.4296875 0.9984375 0.25625
2 0.50078125 0.559375 0.9984375 0.246875
2 0.50703125 0.68671875 0.9859375 0.2546875
2 0.5140625 0.81171875 0.971875 0.2453125
2 0.5203125 0.9078125 0.959375 0.184375