6 0.54375 0.05078125 0.334375 0.0625
6 0.50859375 0.159375 0.4515625 0.0625
16 0.5171875 0.315625 0.546875 0.175
0 0.26484375 0.534375 0.15625 0.059375
0 0.46796875 0.534375 0.228125 0.065625
0 0.721875 0.53671875 0.2203125 0.06875
0 0.73828125 0.64453125 0.196875 0.0859375
0 0.503125 0.64140625 0.215625 0.08125
0 0.27734375 0.6453125 0.2203125 0.09375
0 0.34296875 0.7671875 0.303125 0.0875
0 0.63671875 0.7640625 0.2890625 0.090625
0 0.25859375 0.04296875 0.16875 0.071875
2 0.50390625 0.43046875 0.778125 0.8609375