6 0.428125 0.09140625 0.35625 0.1125
6 0.40859375 0.209375 0.478125 0.1296875
16 0.43984375 0.3703125 0.59375 0.2625
0 0.20859375 0.63515625 0.171875 0.084375
0 0.42109375 0.6046875 0.246875 0.1
0 0.68515625 0.56953125 0.2390625 0.1046875
0 0.71796875 0.67890625 0.21875 0.1171875
0 0.47265625 0.71015625 0.2375 0.1171875
0 0.2390625 0.74765625 0.2421875 0.128125
0 0.325 0.86484375 0.3265625 0.1359375
0 0.6296875 0.81875 0.3140625 0.1359375
0 0.13125 0.12421875 0.1859375 0.0984375
2 0.45546875 0.49765625 0.9109375 0.9953125