6 0.5 0.0734375 0.3390625 0.1015625
6 0.4796875 0.1859375 0.45625 0.115625
16 0.50703125 0.33984375 0.5640625 0.240625
0 0.2828125 0.58828125 0.1625 0.0765625
0 0.484375 0.56328125 0.2328125 0.0921875
0 0.73671875 0.53359375 0.2265625 0.0953125
0 0.76640625 0.63984375 0.20625 0.109375
0 0.5328125 0.6640625 0.225 0.1078125
0 0.309375 0.69609375 0.2296875 0.11875
0 0.38828125 0.809375 0.3109375 0.125
0 0.68046875 0.7703125 0.2984375 0.125
0 0.2171875 0.1 0.175 0.090625
2 0.50546875 0.4640625 0.8796875 0.928125