6 0.440625 0.13203125 0.2515625 0.053125
6 0.23359375 0.21796875 0.1046875 0.03125
6 0.23046875 0.27578125 0.0796875 0.03125
6 0.23203125 0.334375 0.115625 0.03125
6 0.26015625 0.39453125 0.0953125 0.040625
6 0.25625 0.43515625 0.140625 0.0265625
6 0.24375 0.47578125 0.071875 0.0265625
6 0.28359375 0.57265625 0.159375 0.0375
6 0.26875 0.6421875 0.1171875 0.0328125
6 0.2859375 0.6859375 0.1328125 0.025
6 0.296875 0.71875 0.1515625 0.0296875
6 0.27890625 0.7625 0.1 0.0328125
6 0.28359375 0.80078125 0.0921875 0.028125
6 0.2828125 0.83828125 0.090625 0.0265625
6 0.3390625 0.9234375 0.1671875 0.0375
6 0.6609375 0.90703125 0.0640625 0.0296875
6 0.59453125 0.41015625 0.0859375 0.021875
0 0.390625 0.20859375 0.125 0.0484375
0 0.52265625 0.20390625 0.1125 0.04375
0 0.640625 0.19765625 0.096875 0.0453125
4 0.34765625 0.2640625 0.078125 0.0515625
4 0.453125 0.26328125 0.0671875 0.0546875
4 0.59140625 0.25390625 0.1546875 0.0625
5 0.428125 0.31796875 0.2015625 0.0421875
5 0.60390625 0.30859375 0.09375 0.0375
5 0.784375 0.29453125 0.259375 0.0546875
5 0.4296875 0.37578125 0.203125 0.0375
5 0.6125 0.36484375 0.1109375 0.0234375
5 0.8015625 0.3515625 0.2296875 0.0328125
6 0.4078125 0.428125 0.109375 0.0328125
13 0.715625 0.43125 0.171875 0.0984375
13 0.8953125 0.41875 0.1640625 0.1046875
6 0.37265625 0.4640625 0.05625 0.01875
6 0.4015625 0.48671875 0.0578125 0.0203125
6 0.396875 0.50703125 0.0484375 0.01875
6 0.36796875 0.5296875 0.05625 0.01875
16 0.4578125 0.56796875 0.1515625 0.0546875
14 0.65078125 0.53359375 0.1375 0.0265625
11 0.44296875 0.6234375 0.1796875 0.034375
11 0.6359375 0.60703125 0.1578125 0.034375
1 0.4328125 0.67734375 0.1203125 0.0328125
1 0.60703125 0.665625 0.134375 0.0296875
1 0.76015625 0.65546875 0.1078125 0.034375
9 0.4390625 0.709375 0.1 0.0296875
9 0.6015625 0.69765625 0.1046875 0.0296875
6 0.46953125 0.74921875 0.08125 0.0265625
6 0.68046875 0.73828125 0.0765625 0.03125
17 0.596875 0.734375 0.078125 0.028125
17 0.38515625 0.75 0.075 0.0328125
6 0.49375 0.784375 0.053125 0.0234375
6 0.70546875 0.77109375 0.075 0.021875
6 0.86796875 0.76015625 0.075 0.0234375
12 0.4078125 0.7921875 0.0984375 0.021875
12 0.621875 0.7765625 0.078125 0.0203125
12 0.79921875 0.7640625 0.0640625 0.015625
8 0.50546875 0.9140625 0.140625 0.04375