6 0.48671875 0.11875 0.2546875 0.0625
6 0.2671875 0.175 0.1078125 0.034375
6 0.2578125 0.2328125 0.08125 0.034375
6 0.25078125 0.29140625 0.1171875 0.034375
6 0.26953125 0.35625 0.096875 0.04375
6 0.26015625 0.39609375 0.1421875 0.03125
6 0.2421875 0.43515625 0.0734375 0.0296875
6 0.26875 0.53671875 0.1625 0.0421875
6 0.24375 0.6046875 0.11875 0.0375
6 0.25390625 0.65078125 0.1328125 0.03125
6 0.2609375 0.68515625 0.153125 0.034375
6 0.23671875 0.72734375 0.1015625 0.0375
6 0.2359375 0.765625 0.09375 0.03125
6 0.2296875 0.803125 0.0921875 0.0296875
6 0.275 0.89609375 0.1703125 0.0421875
6 0.59765625 0.925 0.065625 0.03125
6 0.60234375 0.41796875 0.0859375 0.025
0 0.42578125 0.18828125 0.128125 0.053125
0 0.559375 0.2015625 0.1140625 0.0484375
0 0.67734375 0.21171875 0.1 0.0484375
4 0.375 0.23828125 0.0796875 0.0546875
4 0.48125 0.2515625 0.06875 0.05625
4 0.6203125 0.26171875 0.1578125 0.0671875
5 0.44765625 0.30234375 0.2046875 0.0484375
5 0.62578125 0.31796875 0.0953125 0.040625
5 0.8078125 0.32890625 0.2625 0.0640625
5 0.440625 0.3609375 0.20625 0.0453125
5 0.62578125 0.37578125 0.1140625 0.0265625
5 0.81640625 0.3890625 0.2328125 0.040625
6 0.41328125 0.41015625 0.1109375 0.0359375
13 0.71953125 0.45703125 0.1765625 0.10625
13 0.90078125 0.4703125 0.16875 0.1109375
6 0.37265625 0.44140625 0.05625 0.0203125
6 0.39765625 0.46796875 0.059375 0.021875
6 0.39140625 0.4875 0.05 0.0203125
6 0.35859375 0.50546875 0.0578125 0.0203125
16 0.44296875 0.5578125 0.1546875 0.0609375
14 0.63984375 0.55078125 0.1390625 0.03125
11 0.41953125 0.6109375 0.1828125 0.0421875
11 0.615625 0.62109375 0.1609375 0.040625
1 0.40234375 0.66328125 0.1234375 0.0375
1 0.57890625 0.67578125 0.1359375 0.034375
1 0.73203125 0.6875 0.109375 0.0375
9 0.40390625 0.69609375 0.1015625 0.0328125
9 0.56875 0.70703125 0.1078125 0.0328125
6 0.42890625 0.740625 0.0828125 0.0296875
6 0.64140625 0.759375 0.078125 0.0359375
17 0.55859375 0.74296875 0.0796875 0.03125
17 0.34453125 0.7296875 0.0765625 0.0359375
6 0.4484375 0.77890625 0.0546875 0.025
6 0.6609375 0.79453125 0.075 0.025
6 0.825 0.8078125 0.075 0.0265625
12 0.36171875 0.77421875 0.1 0.025
12 0.57734375 0.7890625 0.0796875 0.021875
12 0.75703125 0.8015625 0.0640625 0.0171875
8 0.44140625 0.91015625 0.1421875 0.0484375