6 0.40234375 0.15390625 0.29375 0.08125
6 0.16875 0.27109375 0.1234375 0.04375
6 0.171875 0.33828125 0.09375 0.0421875
6 0.17734375 0.40546875 0.1359375 0.0453125
6 0.2140625 0.47421875 0.1125 0.0546875
6 0.2140625 0.521875 0.1625 0.0421875
6 0.20234375 0.56953125 0.0859375 0.0375
6 0.25703125 0.67890625 0.1875 0.05625
6 0.24453125 0.7609375 0.1375 0.046875
6 0.26796875 0.81015625 0.153125 0.040625
6 0.28359375 0.84765625 0.178125 0.046875
6 0.26640625 0.9 0.11875 0.046875
6 0.27421875 0.94375 0.109375 0.0390625
6 0.2765625 0.98515625 0.10625 0.0296875
6 0.603125 0.46484375 0.1 0.0328125
0 0.35078125 0.24765625 0.1484375 0.065625
0 0.50390625 0.23125 0.1328125 0.059375
0 0.63984375 0.2140625 0.115625 0.059375
4 0.3046875 0.315625 0.09375 0.065625
4 0.428125 0.30546875 0.08125 0.06875
4 0.58671875 0.28359375 0.1828125 0.084375
5 0.40234375 0.37109375 0.2359375 0.0640625
5 0.60703125 0.34609375 0.109375 0.05
5 0.8140625 0.31484375 0.303125 0.084375
5 0.409375 0.4390625 0.2359375 0.059375
5 0.6203125 0.4109375 0.1296875 0.0359375
5 0.83828125 0.3796875 0.2671875 0.0578125
6 0.3890625 0.50078125 0.1296875 0.046875
13 0.7453125 0.48125 0.20625 0.128125
13 0.9265625 0.453125 0.146875 0.128125
6 0.35078125 0.546875 0.065625 0.0265625
6 0.3859375 0.56953125 0.06875 0.028125
6 0.3828125 0.59375 0.0578125 0.025
6 0.35078125 0.621875 0.0671875 0.0265625
16 0.45859375 0.66015625 0.1796875 0.0765625
14 0.678125 0.6046875 0.1609375 0.0421875
11 0.4453125 0.725 0.209375 0.05625
11 0.66796875 0.690625 0.1859375 0.053125
1 0.4375 0.78828125 0.1421875 0.0484375
1 0.63984375 0.7609375 0.1578125 0.0453125
1 0.815625 0.73671875 0.1265625 0.0484375
9 0.446875 0.82578125 0.11875 0.0421875
9 0.6359375 0.7984375 0.1234375 0.0421875
6 0.48671875 0.8703125 0.0953125 0.0375
6 0.7296875 0.83984375 0.090625 0.04375
17 0.6328125 0.8421875 0.0921875 0.0390625
17 0.38828125 0.87734375 0.0890625 0.04375
6 0.5171875 0.9078125 0.0625 0.0328125
6 0.7609375 0.87578125 0.0875 0.0328125
6 0.94921875 0.85 0.0875 0.0328125
12 0.41796875 0.92421875 0.115625 0.0328125
12 0.66484375 0.88984375 0.0921875 0.028125
12 0.8703125 0.86015625 0.075 0.021875