6 0.478125 0.09765625 0.3328125 0.06875
6 0.2 0.1265625 0.078125 0.0375
6 0.83125 0.19453125 0.096875 0.040625
6 0.80546875 0.23828125 0.075 0.03125
6 0.18046875 0.29609375 0.0703125 0.028125
6 0.20859375 0.3546875 0.14375 0.0375
6 0.184375 0.403125 0.0875 0.0375
6 0.60703125 0.43515625 0.0640625 0.0296875
6 0.92578125 0.4671875 0.06875 0.0234375
6 0.97421875 0.5046875 0.0515625 0.025
6 0.971875 0.528125 0.05625 0.01875
6 0.915625 0.5453125 0.065625 0.021875
6 0.2015625 0.49921875 0.1375 0.0359375
6 0.17890625 0.61015625 0.0953125 0.034375
6 0.1890625 0.65859375 0.1375 0.0359375
6 0.33515625 0.67734375 0.0765625 0.0234375
6 0.4734375 0.69375 0.075 0.0265625
6 0.184375 0.709375 0.13125 0.0390625
6 0.1890625 0.76875 0.13125 0.040625
6 0.59609375 0.81640625 0.121875 0.0359375
4 0.3640625 0.16875 0.15 0.09375
14 0.32890625 0.2359375 0.0875 0.021875
14 0.328125 0.25390625 0.0796875 0.021875
14 0.66796875 0.171875 0.0921875 0.021875
14 0.66328125 0.19375 0.0890625 0.025
14 0.7890625 0.47890625 0.0640625 0.021875
14 0.78828125 0.50390625 0.0515625 0.0171875
14 0.72109375 0.51875 0.05 0.0171875
7 0.32421875 0.21640625 0.084375 0.0234375
7 0.3109375 0.3140625 0.109375 0.0453125
7 0.4296875 0.3234375 0.1 0.04375
7 0.5234375 0.328125 0.071875 0.0234375
7 0.60546875 0.3375 0.0859375 0.0390625
7 0.7015625 0.34453125 0.1015625 0.0265625
0 0.66640625 0.21875 0.0921875 0.0390625
2 0.3609375 0.2046875 0.1828125 0.1828125
2 0.603125 0.1921875 0.265625 0.125
12 0.92265625 0.25546875 0.125 0.03125
12 0.92421875 0.2875 0.125 0.0296875
11 0.38203125 0.3734375 0.1734375 0.05625
11 0.56953125 0.3921875 0.190625 0.0546875
3 0.3109375 0.4296875 0.1203125 0.078125
3 0.434375 0.44296875 0.0953125 0.078125
3 0.45859375 0.74140625 0.0703125 0.0609375
3 0.54453125 0.74921875 0.078125 0.0578125
17 0.92265625 0.203125 0.0671875 0.034375
17 0.9828125 0.21171875 0.034375 0.0328125