6 0.4828125 0.06015625 0.3421875 0.0765625
6 0.19609375 0.0859375 0.08125 0.0390625
6 0.8453125 0.16640625 0.1 0.0421875
6 0.8171875 0.2109375 0.078125 0.034375
6 0.1734375 0.259375 0.071875 0.03125
6 0.20078125 0.3203125 0.1484375 0.0421875
6 0.175 0.3703125 0.0890625 0.040625
6 0.609375 0.409375 0.065625 0.03125
6 0.93828125 0.4484375 0.0703125 0.025
6 0.97890625 0.48828125 0.0421875 0.0265625
6 0.9765625 0.51015625 0.046875 0.0171875
6 0.92578125 0.52890625 0.0671875 0.0234375
6 0.19140625 0.46953125 0.1421875 0.0390625
6 0.165625 0.58203125 0.0984375 0.0375
6 0.17578125 0.6328125 0.1421875 0.0390625
6 0.325 0.6546875 0.0796875 0.025
6 0.4671875 0.6734375 0.078125 0.028125
6 0.1703125 0.68515625 0.134375 0.0421875
6 0.1734375 0.74609375 0.1359375 0.0453125
6 0.590625 0.80234375 0.125 0.0390625
4 0.36484375 0.13125 0.15625 0.0984375
14 0.3265625 0.19921875 0.0890625 0.025
14 0.325 0.21796875 0.08125 0.0234375
14 0.6765625 0.140625 0.0953125 0.025
14 0.671875 0.16171875 0.0921875 0.0265625
14 0.79609375 0.45859375 0.065625 0.0234375
14 0.79609375 0.48359375 0.053125 0.01875
14 0.72578125 0.49765625 0.0515625 0.0171875
7 0.321875 0.1796875 0.0875 0.0265625
7 0.3078125 0.2796875 0.1140625 0.0484375
7 0.42890625 0.2921875 0.103125 0.046875
7 0.525 0.29921875 0.075 0.025
7 0.61015625 0.309375 0.0890625 0.040625
7 0.709375 0.31875 0.103125 0.0296875
0 0.67578125 0.18828125 0.0953125 0.0421875
2 0.36015625 0.16875 0.190625 0.190625
2 0.61015625 0.16015625 0.2734375 0.1328125
12 0.93671875 0.2296875 0.1265625 0.034375
12 0.9375 0.26328125 0.125 0.0328125
11 0.37890625 0.3421875 0.1796875 0.0609375
11 0.571875 0.36484375 0.1953125 0.059375
3 0.30546875 0.39921875 0.125 0.0828125
3 0.43125 0.415625 0.0984375 0.08125
3 0.4515625 0.721875 0.0734375 0.0640625
3 0.5390625 0.73203125 0.08125 0.0609375
17 0.9390625 0.17734375 0.0703125 0.0375
17 0.99140625 0.1875 0.0171875 0.034375