6 0.39453125 0.0703125 0.3671875 0.06875
6 0.0890625 0.10703125 0.0859375 0.0390625
6 0.784375 0.1703125 0.10625 0.0421875
6 0.75703125 0.21796875 0.0828125 0.0328125
6 0.06953125 0.29453125 0.0765625 0.0296875
6 0.10234375 0.35859375 0.159375 0.0390625
6 0.0765625 0.4125 0.0953125 0.0390625
6 0.5421875 0.4390625 0.0703125 0.03125
6 0.89453125 0.46875 0.075 0.0234375
6 0.94921875 0.51015625 0.059375 0.0265625
6 0.9484375 0.53515625 0.065625 0.01875
6 0.884375 0.55546875 0.071875 0.0234375
6 0.09765625 0.51796875 0.1515625 0.0375
6 0.07421875 0.63984375 0.1046875 0.0359375
6 0.08671875 0.69375 0.1515625 0.0375
6 0.24765625 0.7109375 0.084375 0.025
6 0.4 0.72578125 0.0828125 0.028125
6 0.0828125 0.74921875 0.14375 0.040625
6 0.0890625 0.81484375 0.1453125 0.04375
6 0.5375 0.859375 0.134375 0.0375
4 0.2703125 0.15078125 0.1640625 0.1
14 0.2328125 0.225 0.0953125 0.0234375
14 0.23125 0.24453125 0.0875 0.021875
14 0.6046875 0.1484375 0.1015625 0.0234375
14 0.60078125 0.171875 0.0984375 0.025
14 0.74453125 0.484375 0.0703125 0.0234375
14 0.74375 0.51171875 0.0578125 0.0171875
14 0.66953125 0.52890625 0.0546875 0.0171875
7 0.2265625 0.20390625 0.09375 0.025
7 0.2140625 0.3109375 0.1203125 0.046875
7 0.3453125 0.31953125 0.109375 0.0453125
7 0.4484375 0.3234375 0.0796875 0.025
7 0.53984375 0.33125 0.09375 0.040625
7 0.64609375 0.3375 0.1109375 0.028125
0 0.6046875 0.2 0.1015625 0.0421875
2 0.2671875 0.190625 0.1984375 0.1984375
2 0.53359375 0.171875 0.290625 0.1328125
12 0.88671875 0.23515625 0.1390625 0.03125
12 0.8890625 0.2703125 0.1375 0.03125
11 0.29296875 0.37578125 0.190625 0.0578125
11 0.5 0.3921875 0.209375 0.0578125
3 0.2171875 0.4390625 0.13125 0.084375
3 0.35234375 0.4515625 0.103125 0.084375
3 0.38515625 0.7796875 0.0765625 0.065625
3 0.4796875 0.7859375 0.084375 0.0640625
17 0.88671875 0.17734375 0.0734375 0.0375
17 0.96640625 0.1859375 0.0671875 0.034375