6 0.0984375 0.5234375 0.1359375 0.05625
6 0.3984375 0.90546875 0.3046875 0.0703125
4 0.440625 0.5390625 0.084375 0.0484375
4 0.43203125 0.6453125 0.08125 0.046875
4 0.42578125 0.7078125 0.0765625 0.0453125
4 0.41953125 0.76796875 0.1015625 0.0546875
4 0.4140625 0.83046875 0.0984375 0.0546875
0 0.12890625 0.57265625 0.2109375 0.0515625
1 0.165625 0.63515625 0.2765625 0.0515625
1 0.1671875 0.69453125 0.296875 0.0578125
1 0.1578125 0.75546875 0.296875 0.0546875
1 0.146875 0.815625 0.2734375 0.053125