6 0.53828125 0.18984375 0.4234375 0.06875
4 0.140625 0.23671875 0.15625 0.065625
4 0.8296875 0.3671875 0.0921875 0.059375
4 0.18203125 0.4703125 0.078125 0.059375
4 0.52265625 0.51328125 0.0828125 0.0578125
4 0.8625 0.55390625 0.0859375 0.0640625
4 0.74296875 0.825 0.246875 0.178125
16 0.1859375 0.34765625 0.21875 0.084375
16 0.33671875 0.6796875 0.2703125 0.0921875
16 0.17734375 0.8671875 0.203125 0.075
16 0.4484375 0.90625 0.225 0.084375
0 0.3546875 0.7796875 0.2078125 0.06875
14 0.184375 0.52734375 0.15 0.0296875
14 0.53671875 0.56328125 0.140625 0.0328125
14 0.8859375 0.60078125 0.159375 0.0375