6 0.61640625 0.16484375 0.4703125 0.0921875
4 0.171875 0.2015625 0.175 0.0796875
4 0.93515625 0.37421875 0.1046875 0.06875
4 0.20859375 0.4640625 0.0890625 0.0671875
4 0.5875 0.525 0.0921875 0.0671875
4 0.95546875 0.58125 0.0828125 0.071875
4 0.8203125 0.88046875 0.2796875 0.20625
16 0.21796875 0.32734375 0.2453125 0.1015625
16 0.3734375 0.70390625 0.303125 0.1125
16 0.18828125 0.90546875 0.228125 0.090625
16 0.4890625 0.95390625 0.253125 0.0921875
0 0.3890625 0.81484375 0.23125 0.084375
14 0.209375 0.52734375 0.1671875 0.0390625
14 0.60078125 0.58125 0.1578125 0.0421875
14 0.94296875 0.63046875 0.0890625 0.0359375