6 0.4484375 0.06484375 0.490625 0.053125
4 0.04453125 0.18828125 0.0890625 0.0640625
4 0.81328125 0.21484375 0.1046875 0.0625
4 0.09140625 0.45078125 0.0875 0.0640625
4 0.48984375 0.4390625 0.0921875 0.0625
4 0.88515625 0.4234375 0.096875 0.06875
4 0.79765625 0.75546875 0.2765625 0.1921875
16 0.09921875 0.3078125 0.1984375 0.08125
16 0.30703125 0.66328125 0.3109375 0.0921875
16 0.159375 0.90703125 0.2328125 0.075
16 0.47578125 0.9015625 0.2578125 0.0828125
0 0.3453125 0.77421875 0.2375 0.0671875
14 0.1046875 0.51484375 0.1734375 0.0265625
14 0.51484375 0.49375 0.1640625 0.0296875
14 0.91328125 0.471875 0.1734375 0.034375