6 0.27421875 0.1328125 0.290625 0.034375
6 0.22421875 0.2171875 0.190625 0.0296875
1 0.2546875 0.28203125 0.2734375 0.0328125
1 0.73828125 0.2859375 0.2953125 0.0390625
1 0.18125 0.36328125 0.1203125 0.0296875
1 0.659375 0.36953125 0.146875 0.0328125
1 0.8796875 0.3734375 0.096875 0.0265625
1 0.18671875 0.5484375 0.1828125 0.0328125
1 0.5078125 0.55546875 0.25625 0.0296875
1 0.81640625 0.55546875 0.1609375 0.0359375
0 0.7796875 0.66171875 0.1015625 0.0375
5 0.54765625 0.2234375 0.278125 0.0453125