2 0.72421875 0.5265625 0.2515625 0.2015625
6 0.45703125 0.1921875 0.128125 0.0359375
6 0.71484375 0.3421875 0.1671875 0.034375
6 0.67734375 0.3625 0.0765625 0.0265625
6 0.2171875 0.30546875 0.1578125 0.0328125
6 0.1734375 0.31875 0.0671875 0.01875
6 0.19375 0.5328125 0.1109375 0.0265625
6 0.16796875 0.559375 0.0609375 0.028125
6 0.7140625 0.56640625 0.1765625 0.0296875
6 0.65078125 0.59140625 0.05625 0.025
4 0.21953125 0.48203125 0.1 0.06875
4 0.715625 0.5109375 0.103125 0.0734375
4 0.73359375 0.28828125 0.0828125 0.0625
4 0.23671875 0.2578125 0.09375 0.0671875
2 0.2328125 0.26953125 0.2140625 0.1515625
2 0.7296875 0.3109375 0.2296875 0.171875
2 0.21875 0.503125 0.215625 0.1796875