2 0.73515625 0.5171875 0.290625 0.240625
6 0.46640625 0.12734375 0.1421875 0.0484375
6 0.73828125 0.31171875 0.1859375 0.0515625
6 0.69609375 0.3328125 0.0859375 0.034375
6 0.19375 0.23359375 0.1765625 0.0484375
6 0.14375 0.2453125 0.075 0.0265625
6 0.15 0.48203125 0.1234375 0.0375
6 0.11953125 0.509375 0.06875 0.034375
6 0.7203125 0.5609375 0.1953125 0.0453125
6 0.64921875 0.5828125 0.0625 0.03125
4 0.18203125 0.428125 0.1140625 0.08125
4 0.7265625 0.4984375 0.11875 0.0890625
4 0.76328125 0.2546875 0.096875 0.075
4 0.21796875 0.18203125 0.1078125 0.0796875
2 0.21328125 0.1953125 0.246875 0.1828125
2 0.75703125 0.2796875 0.2625 0.2046875
2 0.1796875 0.4515625 0.25 0.2140625