2 0.771875 0.51875 0.2796875 0.225
6 0.475 0.14765625 0.1421875 0.040625
6 0.76171875 0.31328125 0.1859375 0.0390625
6 0.71953125 0.33671875 0.084375 0.0296875
6 0.209375 0.27265625 0.1765625 0.0359375
6 0.16015625 0.28828125 0.0734375 0.021875
6 0.1828125 0.52578125 0.1234375 0.028125
6 0.15390625 0.5546875 0.06875 0.0296875
6 0.76015625 0.56328125 0.196875 0.0328125
6 0.68984375 0.590625 0.0625 0.028125
4 0.2109375 0.46875 0.1109375 0.0765625
4 0.7625 0.5015625 0.115625 0.08125
4 0.78203125 0.253125 0.09375 0.0703125
4 0.23046875 0.21953125 0.1046875 0.075
2 0.22578125 0.2328125 0.2390625 0.16875
2 0.778125 0.27890625 0.2546875 0.190625
2 0.21015625 0.49296875 0.2390625 0.2