6 0.146875 0.2125 0.284375 0.0625
6 0.11796875 0.275 0.215625 0.0390625
6 0.15390625 0.6953125 0.2171875 0.05
6 0.56328125 0.6578125 0.1484375 0.0421875
6 0.9125 0.62578125 0.071875 0.03125
6 0.18671875 0.875 0.1140625 0.0375
6 0.76171875 0.81796875 0.1375 0.0359375
7 0.1875 0.91796875 0.11875 0.0328125
7 0.246875 0.9546875 0.2234375 0.0484375
7 0.77421875 0.8609375 0.1046875 0.034375
7 0.83203125 0.9015625 0.215625 0.046875
4 0.7984375 0.22890625 0.3125 0.2
0 0.30390625 0.3640625 0.2 0.0734375
0 0.08828125 0.38359375 0.1765625 0.0703125
0 0.153125 0.765625 0.175 0.059375
0 0.5421875 0.71875 0.171875 0.053125
0 0.9125 0.68046875 0.175 0.0546875
4 0.1609375 0.5765625 0.2046875 0.140625
4 0.55625 0.53203125 0.1984375 0.1484375
4 0.8875 0.503125 0.209375 0.1515625