6 0.15703125 0.225 0.278125 0.0375
6 0.1234375 0.2828125 0.2109375 0.021875
6 0.121875 0.696875 0.2125 0.03125
6 0.52578125 0.6953125 0.14375 0.028125
6 0.87109375 0.69375 0.06875 0.025
6 0.1390625 0.87578125 0.109375 0.028125
6 0.70625 0.86953125 0.134375 0.021875
7 0.1359375 0.91796875 0.115625 0.021875
7 0.190625 0.959375 0.2171875 0.028125
7 0.71484375 0.9125 0.1 0.025
7 0.76875 0.95703125 0.209375 0.028125
4 0.79296875 0.296875 0.29375 0.171875
0 0.29765625 0.3859375 0.1921875 0.05625
0 0.084375 0.3859375 0.16875 0.053125
0 0.115625 0.765625 0.16875 0.04375
0 0.5 0.75390625 0.165625 0.0375
0 0.8671875 0.7484375 0.1703125 0.0390625
4 0.1390625 0.58203125 0.190625 0.121875
4 0.5296875 0.571875 0.184375 0.1296875
4 0.85703125 0.571875 0.19375 0.1328125