6 0.21796875 0.2 0.2671875 0.05
6 0.18203125 0.25390625 0.2046875 0.03125
6 0.16015625 0.65234375 0.2046875 0.040625
6 0.5484375 0.67109375 0.1390625 0.0359375
6 0.8796875 0.6875 0.0671875 0.028125
6 0.1671875 0.825 0.1078125 0.0328125
6 0.7125 0.84765625 0.1296875 0.028125
7 0.1625 0.865625 0.1125 0.0265625
7 0.2125 0.90859375 0.2109375 0.0390625
7 0.71875 0.8890625 0.0984375 0.0296875
7 0.76796875 0.93515625 0.203125 0.0375
4 0.825 0.30078125 0.290625 0.1796875
0 0.34453125 0.36171875 0.1875 0.0640625
0 0.13203125 0.35078125 0.18125 0.0609375
0 0.15 0.71875 0.1640625 0.0515625
0 0.5203125 0.7265625 0.1625 0.04375
0 0.8734375 0.7390625 0.165625 0.0453125
4 0.1828125 0.54296875 0.190625 0.1265625
4 0.55859375 0.55234375 0.184375 0.134375
4 0.87265625 0.56875 0.19375 0.1375