6 0.178125 0.021875 0.115625 0.04375
6 0.20859375 0.28125 0.084375 0.0359375
6 0.1671875 0.4234375 0.05 0.0328125
6 0.159375 0.57421875 0.121875 0.046875
6 0.63515625 0.634375 0.1375 0.0484375
6 0.18046875 0.68828125 0.090625 0.0359375
6 0.62109375 0.7515625 0.121875 0.0359375
4 0.4953125 0.17890625 0.3203125 0.2265625
11 0.36328125 0.3765625 0.3890625 0.08125
11 0.35703125 0.51796875 0.3796875 0.0859375
11 0.2140625 0.6328125 0.20625 0.0640625
11 0.64921875 0.6953125 0.2125 0.0671875
8 0.20703125 0.746875 0.1671875 0.0578125
8 0.64609375 0.79765625 0.175 0.06875
0 0.36875 0.85703125 0.209375 0.0765625