6 0.16484375 0.15546875 0.1 0.0328125
6 0.21171875 0.38359375 0.0734375 0.025
6 0.18671875 0.51171875 0.0421875 0.025
6 0.19140625 0.646875 0.10625 0.0328125
6 0.61640625 0.6625 0.1203125 0.03125
6 0.21796875 0.74609375 0.0796875 0.025
6 0.6125 0.7671875 0.1078125 0.021875
4 0.45703125 0.27109375 0.271875 0.1796875
11 0.35625 0.45546875 0.3453125 0.04375
11 0.36171875 0.58125 0.3375 0.046875
11 0.24375 0.69375 0.18125 0.0421875
11 0.63359375 0.71484375 0.1875 0.04375
8 0.246875 0.7953125 0.1453125 0.0390625
8 0.6390625 0.80625 0.1515625 0.0484375
0 0.39765625 0.8796875 0.1828125 0.053125