6 0.096875 0.153125 0.1125 0.0328125
6 0.1578125 0.40859375 0.08125 0.0265625
6 0.134375 0.5546875 0.046875 0.028125
6 0.1453125 0.70546875 0.11875 0.0328125
6 0.62421875 0.70703125 0.134375 0.03125
6 0.1796875 0.81640625 0.0890625 0.025
6 0.625 0.825 0.1203125 0.0203125
4 0.4296875 0.27109375 0.3015625 0.1921875
11 0.3234375 0.48359375 0.3890625 0.034375
11 0.334375 0.62421875 0.3796875 0.0390625
11 0.20625 0.75625 0.2046875 0.0390625
11 0.64609375 0.76484375 0.209375 0.0421875
8 0.2140625 0.87109375 0.1640625 0.0390625
8 0.65546875 0.86796875 0.1703125 0.0484375
0 0.3875 0.96015625 0.2046875 0.053125