4 0.18828125 0.48828125 0.178125 0.1171875
4 0.21875 0.6421875 0.178125 0.1140625
6 0.1578125 0.228125 0.2078125 0.03125
16 0.175 0.3046875 0.221875 0.0734375
11 0.60390625 0.2890625 0.2078125 0.04375
11 0.853125 0.48203125 0.2125 0.0578125
8 0.43984375 0.640625 0.1546875 0.0453125
0 0.43828125 0.45234375 0.15625 0.0484375
0 0.60625 0.89140625 0.1765625 0.046875
1 0.44375 0.515625 0.1578125 0.028125
17 0.41484375 0.56875 0.1046875 0.03125
6 0.196875 0.7234375 0.075 0.034375
9 0.74453125 0.659375 0.128125 0.03125
9 0.74921875 0.69609375 0.1484375 0.0296875
9 0.7578125 0.7359375 0.15 0.0359375
9 0.73359375 0.778125 0.121875 0.034375