4 0.175 0.44140625 0.1921875 0.128125
4 0.21015625 0.60546875 0.1921875 0.125
6 0.13828125 0.16640625 0.221875 0.0375
16 0.15703125 0.24765625 0.2375 0.0828125
11 0.6140625 0.22265625 0.221875 0.05
11 0.88203125 0.4234375 0.2265625 0.065625
8 0.4453125 0.60078125 0.165625 0.0515625
0 0.440625 0.4 0.1671875 0.0546875
0 0.62734375 0.8625 0.1875 0.053125
1 0.446875 0.46640625 0.16875 0.0328125
17 0.41796875 0.5234375 0.1109375 0.0359375
6 0.18828125 0.69140625 0.0796875 0.0390625
9 0.7703125 0.61328125 0.1375 0.0359375
9 0.7765625 0.653125 0.1578125 0.034375
9 0.7859375 0.69453125 0.159375 0.040625
9 0.7609375 0.73984375 0.1296875 0.0375