4 0.13828125 0.46328125 0.209375 0.1453125
4 0.1859375 0.63515625 0.209375 0.1421875
6 0.1 0.17265625 0.2 0.0515625
16 0.11796875 0.2578125 0.2359375 0.1
11 0.590625 0.20703125 0.2359375 0.0640625
11 0.87890625 0.4046875 0.2328125 0.08125
8 0.434375 0.61640625 0.1765625 0.0625
0 0.41796875 0.40390625 0.178125 0.0671875
0 0.640625 0.88359375 0.2015625 0.065625
1 0.428125 0.475 0.1796875 0.0453125
17 0.4 0.5359375 0.1203125 0.04375
6 0.1671875 0.72734375 0.0859375 0.0453125
9 0.778125 0.6125 0.1453125 0.0453125
9 0.78671875 0.6546875 0.16875 0.0453125
9 0.79921875 0.6984375 0.1703125 0.0515625
9 0.77578125 0.74609375 0.1390625 0.046875