6 0.43984375 0.16484375 0.153125 0.0515625
6 0.94375 0.33046875 0.1125 0.0484375
6 0.1625 0.7828125 0.1140625 0.0390625
6 0.38984375 0.80703125 0.109375 0.0390625
6 0.6328125 0.840625 0.1078125 0.0390625
14 0.2390625 0.3703125 0.1453125 0.034375
14 0.459375 0.39765625 0.1328125 0.0328125
14 0.6640625 0.43125 0.125 0.028125
14 0.184375 0.57265625 0.1203125 0.03125
14 0.42734375 0.60390625 0.125 0.034375
14 0.653125 0.6453125 0.140625 0.034375
4 0.62421875 0.73125 0.159375 0.134375
4 0.1890625 0.6953125 0.1609375 0.125