6 0.27578125 0.08359375 0.1703125 0.0578125
6 0.875 0.10234375 0.15 0.053125
6 0.16953125 0.82734375 0.1265625 0.04375
6 0.41875 0.7828125 0.1203125 0.04375
6 0.68671875 0.74453125 0.11875 0.04375
14 0.125 0.3640625 0.159375 0.0390625
14 0.3671875 0.32578125 0.146875 0.0359375
14 0.5953125 0.2984375 0.1375 0.03125
14 0.1296875 0.59609375 0.1328125 0.0359375
14 0.39609375 0.55546875 0.1375 0.0390625
14 0.6484375 0.53046875 0.15625 0.0375
4 0.64375 0.63046875 0.1765625 0.1484375
4 0.17109375 0.725 0.1765625 0.1375