6 0.340625 0.165625 0.16875 0.05
6 0.91953125 0.32890625 0.1609375 0.0515625
6 0.0609375 0.85546875 0.121875 0.0390625
6 0.3109375 0.87265625 0.11875 0.0390625
6 0.578125 0.9 0.1171875 0.0390625
14 0.128125 0.39921875 0.159375 0.0328125
14 0.37109375 0.4203125 0.146875 0.03125
14 0.59765625 0.45 0.1375 0.0265625
14 0.07578125 0.6234375 0.13125 0.03125
14 0.34375 0.6484375 0.1375 0.034375
14 0.59296875 0.68515625 0.15625 0.0328125
4 0.56484375 0.78046875 0.171875 0.1421875
4 0.0859375 0.7578125 0.171875 0.13125