6 0.496875 0.2421875 0.4609375 0.03125
6 0.2046875 0.48515625 0.0796875 0.0265625
6 0.428125 0.48515625 0.0796875 0.0328125
6 0.628125 0.4875 0.090625 0.0328125
6 0.20546875 0.6328125 0.0796875 0.0234375
6 0.44296875 0.634375 0.08125 0.0203125
6 0.63828125 0.6328125 0.084375 0.0234375
6 0.2109375 0.7640625 0.078125 0.0234375
6 0.42578125 0.76484375 0.0921875 0.0234375
6 0.646875 0.7625 0.084375 0.0234375
4 0.23125 0.41171875 0.1625 0.0921875
4 0.42421875 0.40625 0.121875 0.0890625
4 0.6203125 0.4109375 0.1109375 0.08125
4 0.6390625 0.70078125 0.128125 0.0953125