6 0.50078125 0.22265625 0.4796875 0.0421875
6 0.21015625 0.4921875 0.084375 0.0296875
6 0.44296875 0.48046875 0.0828125 0.0359375
6 0.65078125 0.47109375 0.0953125 0.0359375
6 0.21875 0.646875 0.0828125 0.0265625
6 0.46640625 0.63515625 0.084375 0.021875
6 0.66953125 0.62265625 0.0875 0.025
6 0.23203125 0.78203125 0.08125 0.025
6 0.45546875 0.771875 0.096875 0.0265625
6 0.6859375 0.7578125 0.0890625 0.0265625
4 0.23359375 0.4140625 0.1703125 0.0984375
4 0.43359375 0.3984375 0.128125 0.0953125
4 0.63828125 0.3921875 0.1171875 0.0859375
4 0.6734375 0.69296875 0.134375 0.1015625