6 0.4671875 0.1859375 0.49375 0.0609375
6 0.178125 0.47421875 0.0875 0.034375
6 0.4171875 0.453125 0.0859375 0.040625
6 0.63125 0.43671875 0.0984375 0.040625
6 0.19296875 0.6328125 0.0859375 0.03125
6 0.446875 0.6109375 0.0875 0.0265625
6 0.65546875 0.590625 0.090625 0.0296875
6 0.2109375 0.77109375 0.084375 0.0296875
6 0.440625 0.75234375 0.1 0.0296875
6 0.6765625 0.7296875 0.090625 0.03125
4 0.2 0.39296875 0.1796875 0.1078125
4 0.4046875 0.36953125 0.1359375 0.103125
4 0.61484375 0.3546875 0.125 0.0921875
4 0.66171875 0.6640625 0.1421875 0.109375