6 0.49453125 0.08984375 0.5296875 0.090625
6 0.15 0.2109375 0.08125 0.0296875
6 0.16875 0.3890625 0.1546875 0.04375
6 0.1453125 0.54453125 0.13125 0.040625
6 0.14375 0.68046875 0.1390625 0.0359375
1 0.26875 0.13515625 0.2921875 0.059375
1 0.74375 0.19609375 0.315625 0.071875
12 0.29921875 0.2265625 0.0953125 0.028125
12 0.290625 0.27734375 0.1015625 0.0296875
12 0.51875 0.253125 0.075 0.025
12 0.51640625 0.3109375 0.0875 0.028125
12 0.77421875 0.2859375 0.1 0.0296875
12 0.76953125 0.334375 0.1140625 0.0359375
17 0.31171875 0.3984375 0.09375 0.0390625
17 0.525 0.42578125 0.090625 0.0375
17 0.79375 0.45546875 0.1 0.04375
17 0.31015625 0.49140625 0.1015625 0.0484375
17 0.54609375 0.521875 0.115625 0.05625
17 0.78125 0.553125 0.128125 0.0546875
11 0.35 0.56640625 0.1875 0.0421875
11 0.7203125 0.628125 0.2234375 0.053125
9 0.321875 0.6953125 0.109375 0.0390625
9 0.3296875 0.75859375 0.1328125 0.040625
9 0.62734375 0.7296875 0.1 0.0375
9 0.8 0.7453125 0.1234375 0.04375
9 0.7953125 0.8078125 0.11875 0.0359375
9 0.6328125 0.79375 0.115625 0.04375