6 0.46015625 0.1078125 0.5328125 0.0546875
6 0.12265625 0.25234375 0.0796875 0.0234375
6 0.1546875 0.43046875 0.1546875 0.034375
6 0.14140625 0.5875 0.13125 0.0328125
6 0.15 0.72421875 0.1390625 0.0265625
1 0.23671875 0.16953125 0.2953125 0.0390625
1 0.7171875 0.19609375 0.315625 0.0515625
12 0.27421875 0.2578125 0.0953125 0.021875
12 0.26875 0.309375 0.103125 0.0234375
12 0.4953125 0.26875 0.075 0.0203125
12 0.49765625 0.32734375 0.0875 0.021875
12 0.75390625 0.284375 0.1 0.021875
12 0.753125 0.33359375 0.1140625 0.028125
17 0.2984375 0.42890625 0.0921875 0.0328125
17 0.5140625 0.4421875 0.0890625 0.03125
17 0.7859375 0.453125 0.0984375 0.0375
17 0.30390625 0.52265625 0.1 0.0421875
17 0.5421875 0.5375 0.1125 0.05
17 0.78046875 0.55234375 0.1265625 0.046875
11 0.3484375 0.59609375 0.1890625 0.0296875
11 0.72421875 0.63046875 0.2234375 0.0390625
9 0.3296875 0.7265625 0.109375 0.0328125
9 0.34140625 0.78984375 0.1328125 0.03125
9 0.63828125 0.7390625 0.0984375 0.0328125
9 0.81171875 0.74296875 0.121875 0.0359375
9 0.81171875 0.80625 0.11875 0.028125
9 0.64765625 0.80234375 0.115625 0.0359375