6 0.3296875 0.09140625 0.5890625 0.090625
6 0.01484375 0.30546875 0.0296875 0.0265625
6 0.06796875 0.4953125 0.1359375 0.04375
6 0.07578125 0.66875 0.121875 0.040625
6 0.10234375 0.8171875 0.14375 0.0359375
1 0.128125 0.19375 0.25625 0.05625
1 0.62578125 0.14375 0.35 0.0734375
12 0.15234375 0.2875 0.10625 0.0296875
12 0.15546875 0.3453125 0.1140625 0.03125
12 0.39609375 0.2609375 0.0828125 0.0265625
12 0.4078125 0.32421875 0.096875 0.0296875
12 0.68125 0.2328125 0.1109375 0.0296875
12 0.6890625 0.28671875 0.1265625 0.0375
17 0.20859375 0.47109375 0.1046875 0.0421875
17 0.446875 0.44765625 0.1 0.0390625
17 0.7453125 0.41328125 0.1109375 0.046875
17 0.23125 0.57109375 0.1125 0.0515625
17 0.49375 0.54609375 0.128125 0.0609375
17 0.75703125 0.521875 0.140625 0.059375
11 0.2921875 0.64375 0.2078125 0.04375
11 0.70859375 0.6171875 0.2484375 0.0546875
9 0.29375 0.78984375 0.121875 0.040625
9 0.31796875 0.85703125 0.1484375 0.0421875
9 0.6328125 0.75078125 0.1109375 0.040625
9 0.8234375 0.72421875 0.1359375 0.0453125
9 0.83515625 0.79375 0.13125 0.0375
9 0.65546875 0.81796875 0.1296875 0.0453125