6 0.12421875 0.28125 0.221875 0.04375
6 0.578125 0.16328125 0.1125 0.0328125
6 0.57734375 0.2546875 0.115625 0.034375
6 0.1375 0.42734375 0.2234375 0.0421875
6 0.56953125 0.45703125 0.325 0.0484375
6 0.871875 0.47109375 0.1125 0.03125
6 0.1015625 0.55625 0.115625 0.028125
6 0.46796875 0.590625 0.115625 0.03125
6 0.8046875 0.60625 0.1328125 0.034375
6 0.11796875 0.69921875 0.1640625 0.03125
6 0.48046875 0.7234375 0.1875 0.0359375
6 0.84453125 0.74453125 0.19375 0.0375
6 0.1125 0.81796875 0.165625 0.03125
6 0.515625 0.84296875 0.16875 0.034375
7 0.8328125 0.825 0.1265625 0.0390625
13 0.1484375 0.1890625 0.234375 0.1796875
4 0.46171875 0.15390625 0.0859375 0.0640625
4 0.46171875 0.2453125 0.09375 0.0671875
12 0.12265625 0.384375 0.2296875 0.034375
12 0.49140625 0.41015625 0.2359375 0.0359375
12 0.8578125 0.4390625 0.2140625 0.0328125
17 0.1109375 0.515625 0.134375 0.046875
17 0.4375 0.5359375 0.1328125 0.040625
17 0.7828125 0.55859375 0.128125 0.046875
11 0.11484375 0.6515625 0.175 0.0484375
11 0.475 0.67734375 0.209375 0.0515625
11 0.83359375 0.69921875 0.259375 0.0515625
11 0.5 0.796875 0.246875 0.0640625
11 0.1140625 0.77421875 0.203125 0.0609375