6 0.165625 0.315625 0.2125 0.0296875
6 0.5765625 0.1875 0.1015625 0.025
6 0.58046875 0.26953125 0.103125 0.025
6 0.190625 0.446875 0.203125 0.028125
6 0.5828125 0.453125 0.2953125 0.028125
6 0.85703125 0.4515625 0.1015625 0.0234375
6 0.16328125 0.5640625 0.103125 0.0203125
6 0.496875 0.57890625 0.1046875 0.0234375
6 0.803125 0.5765625 0.1203125 0.025
6 0.1859375 0.69296875 0.1484375 0.021875
6 0.515625 0.69765625 0.1703125 0.0234375
6 0.84609375 0.69921875 0.175 0.025
6 0.1859375 0.80078125 0.1484375 0.021875
6 0.553125 0.8046875 0.1515625 0.0234375
7 0.8390625 0.7734375 0.1140625 0.0296875
13 0.18828125 0.2296875 0.20625 0.1515625
4 0.4703125 0.184375 0.075 0.0546875
4 0.475 0.26640625 0.0828125 0.05625
12 0.175 0.40859375 0.2078125 0.0203125
12 0.51015625 0.4140625 0.2125 0.021875
12 0.84375 0.42265625 0.19375 0.01875
17 0.1703125 0.528125 0.1203125 0.0359375
17 0.4671875 0.5296875 0.11875 0.03125
17 0.78046875 0.534375 0.115625 0.0359375
11 0.18125 0.65078125 0.1578125 0.0359375
11 0.50703125 0.65703125 0.1875 0.0359375
11 0.83359375 0.659375 0.234375 0.034375
11 0.5359375 0.7640625 0.221875 0.046875
11 0.1859375 0.76171875 0.1828125 0.046875