6 0.13125 0.38203125 0.228125 0.0390625
6 0.56015625 0.2140625 0.109375 0.03125
6 0.5703125 0.30234375 0.1109375 0.03125
6 0.16796875 0.5203125 0.2171875 0.0375
6 0.58671875 0.49765625 0.315625 0.040625
6 0.878125 0.4765625 0.109375 0.028125
6 0.14765625 0.64765625 0.1109375 0.0265625
6 0.50390625 0.63828125 0.1125 0.028125
6 0.83046875 0.61328125 0.1296875 0.03125
6 0.18046875 0.78359375 0.159375 0.028125
6 0.5328125 0.7640625 0.18125 0.03125
6 0.88515625 0.740625 0.1875 0.0328125
6 0.18984375 0.89765625 0.159375 0.028125
6 0.58046875 0.875 0.1625 0.03125
7 0.8828125 0.8203125 0.121875 0.0359375
13 0.14921875 0.2890625 0.225 0.1703125
4 0.446875 0.21953125 0.0828125 0.0609375
4 0.45703125 0.3078125 0.0890625 0.0640625
12 0.1484375 0.48125 0.221875 0.0296875
12 0.50546875 0.4625 0.228125 0.03125
12 0.86171875 0.44609375 0.2078125 0.028125
17 0.15234375 0.6078125 0.1296875 0.0421875
17 0.46875 0.58828125 0.128125 0.0375
17 0.803125 0.5703125 0.125 0.0421875
11 0.171875 0.73828125 0.16875 0.04375
11 0.521875 0.72109375 0.203125 0.0453125
11 0.86953125 0.7 0.25 0.0453125
11 0.559375 0.8328125 0.2390625 0.0578125
11 0.1859375 0.85625 0.1953125 0.05625