0 0.09921875 0.03046875 0.1390625 0.0609375
0 0.46953125 0.04453125 0.19375 0.065625
0 0.4140625 0.18515625 0.1796875 0.05625
0 0.69765625 0.578125 0.2234375 0.078125
4 0.1796875 0.234375 0.3296875 0.1296875
4 0.171875 0.61328125 0.134375 0.078125
4 0.15703125 0.76484375 0.1546875 0.071875
7 0.11484375 0.38359375 0.2 0.0546875
7 0.44453125 0.4109375 0.203125 0.0578125
7 0.75859375 0.4328125 0.1875 0.059375
7 0.19296875 0.68125 0.1765625 0.0453125
7 0.178125 0.8484375 0.1765625 0.05
14 0.6953125 0.81484375 0.2046875 0.034375
14 0.70546875 0.87578125 0.2015625 0.03125
5 0.27109375 0.96328125 0.325 0.065625
5 0.69453125 0.98203125 0.2484375 0.0359375