0 0.16015625 0.0859375 0.178125 0.06875
0 0.53515625 0.0890625 0.18125 0.053125
0 0.4890625 0.22578125 0.16875 0.0453125
0 0.77890625 0.584375 0.209375 0.0640625
4 0.25390625 0.284375 0.3421875 0.109375
4 0.28125 0.64453125 0.125 0.0671875
4 0.27421875 0.78984375 0.1453125 0.0609375
7 0.215625 0.4296875 0.1875 0.0421875
7 0.5296875 0.4390625 0.1921875 0.0453125
7 0.8296875 0.44296875 0.1765625 0.046875
7 0.30390625 0.70859375 0.1671875 0.034375
7 0.2984375 0.86875 0.1671875 0.0390625
14 0.7890625 0.8109375 0.1953125 0.021875
14 0.8015625 0.8671875 0.1921875 0.0203125
5 0.39296875 0.975 0.3078125 0.05
5 0.79609375 0.97890625 0.2359375 0.0421875