0 0.13125 0.13125 0.165625 0.06875
0 0.47734375 0.109375 0.16875 0.0546875
0 0.44375 0.23828125 0.1578125 0.046875
0 0.73515625 0.5515625 0.196875 0.065625
4 0.23046875 0.30859375 0.3203125 0.1125
4 0.27890625 0.6390625 0.11875 0.0671875
4 0.28203125 0.7734375 0.1359375 0.0609375
7 0.20390625 0.44453125 0.1765625 0.0453125
7 0.49609375 0.4328125 0.178125 0.0484375
7 0.77265625 0.41796875 0.165625 0.05
7 0.3046875 0.69609375 0.15625 0.0375
7 0.309375 0.84453125 0.15625 0.0421875
14 0.75859375 0.759375 0.1796875 0.0265625
14 0.7734375 0.8109375 0.1765625 0.025
5 0.40390625 0.9375 0.2859375 0.05625
5 0.77734375 0.92265625 0.2203125 0.0609375