4 0.24140625 0.13359375 0.078125 0.05
4 0.3578125 0.12578125 0.078125 0.0484375
4 0.4796875 0.11875 0.078125 0.0515625
4 0.47890625 0.18984375 0.06875 0.0515625
4 0.3546875 0.20546875 0.065625 0.046875
4 0.24296875 0.21953125 0.0671875 0.05
4 0.253125 0.29375 0.078125 0.05625
4 0.48125 0.27109375 0.075 0.059375
4 0.15078125 0.49375 0.1828125 0.1421875
1 0.51015625 0.43046875 0.2625 0.0453125
1 0.49296875 0.515625 0.2078125 0.05
1 0.484375 0.58125 0.1625 0.04375
0 0.8015625 0.77109375 0.1875 0.0609375