4 0.2984375 0.18515625 0.0765625 0.0515625
4 0.41015625 0.1734375 0.0765625 0.0484375
4 0.5265625 0.1625 0.0765625 0.053125
4 0.52890625 0.23046875 0.0671875 0.053125
4 0.41015625 0.25 0.065625 0.046875
4 0.30234375 0.2671875 0.065625 0.05
4 0.31484375 0.3390625 0.0765625 0.05625
4 0.53359375 0.30859375 0.075 0.059375
4 0.22421875 0.534375 0.1796875 0.1421875
1 0.5671875 0.4609375 0.2515625 0.0515625
1 0.55390625 0.54375 0.2 0.0546875
1 0.54765625 0.60703125 0.1578125 0.046875
0 0.85859375 0.77890625 0.1828125 0.065625