4 0.2609375 0.15703125 0.0734375 0.046875
4 0.3734375 0.153125 0.0734375 0.0453125
4 0.4921875 0.15078125 0.075 0.0484375
4 0.48984375 0.21953125 0.065625 0.0484375
4 0.36875 0.23125 0.0625 0.04375
4 0.25859375 0.24140625 0.0640625 0.046875
4 0.26640625 0.3140625 0.075 0.0515625
4 0.4890625 0.29921875 0.071875 0.05625
4 0.16015625 0.5046875 0.1734375 0.13125
1 0.51171875 0.4546875 0.2546875 0.034375
1 0.49296875 0.5375 0.2015625 0.040625
1 0.48203125 0.6015625 0.1578125 0.0375
0 0.78359375 0.796875 0.18125 0.053125