6 0.44140625 0.128125 0.2140625 0.053125
6 0.6296875 0.45546875 0.1265625 0.0421875
6 0.12109375 0.6234375 0.1453125 0.034375
5 0.19921875 0.2453125 0.3546875 0.065625
5 0.2140625 0.3234375 0.3734375 0.0609375
5 0.2421875 0.39765625 0.41875 0.065625
5 0.21875 0.48203125 0.3515625 0.0625
11 0.8453125 0.43203125 0.259375 0.05625
5 0.28671875 0.56953125 0.2421875 0.046875
3 0.10546875 0.58046875 0.078125 0.0578125
1 0.3484375 0.75078125 0.31875 0.0640625
1 0.33671875 0.80234375 0.290625 0.0515625
1 0.33671875 0.8515625 0.2859375 0.05
0 0.7609375 0.8890625 0.1875 0.0640625