6 0.49140625 0.10546875 0.21875 0.046875
6 0.6359375 0.465625 0.128125 0.0390625
6 0.0953125 0.56328125 0.15 0.0296875
5 0.22890625 0.18984375 0.3640625 0.0546875
5 0.2328125 0.271875 0.3828125 0.0484375
5 0.2515625 0.35078125 0.4296875 0.0515625
5 0.2140625 0.434375 0.3609375 0.053125
11 0.85859375 0.47265625 0.265625 0.0484375
5 0.27109375 0.53203125 0.2484375 0.040625
3 0.0859375 0.51796875 0.078125 0.0578125
1 0.30859375 0.72578125 0.3265625 0.0546875
1 0.28828125 0.77578125 0.2984375 0.0421875
1 0.28203125 0.8265625 0.29375 0.0421875
0 0.70703125 0.925 0.1921875 0.059375