6 0.484375 0.11015625 0.2265625 0.040625
6 0.659375 0.47265625 0.1328125 0.034375
6 0.10546875 0.6140625 0.1546875 0.0265625
5 0.21796875 0.21640625 0.3765625 0.04375
5 0.22734375 0.30078125 0.3984375 0.0359375
5 0.2515625 0.3828125 0.4453125 0.0390625
5 0.2203125 0.47109375 0.3734375 0.0421875
11 0.87578125 0.4640625 0.246875 0.040625
5 0.2859375 0.56875 0.25625 0.0328125
3 0.09296875 0.5671875 0.0796875 0.05625
1 0.3390625 0.765625 0.3390625 0.0453125
1 0.321875 0.81953125 0.309375 0.0328125
1 0.31875 0.871875 0.3046875 0.0328125
0 0.7671875 0.94375 0.1984375 0.0546875