0 0.80078125 0.61953125 0.3921875 0.1078125
8 0.43515625 0.653125 0.178125 0.059375
6 0.1765625 0.2046875 0.278125 0.0671875
6 0.18359375 0.31484375 0.271875 0.0578125
5 0.84296875 0.128125 0.2484375 0.0765625
1 0.4640625 0.559375 0.2890625 0.0640625
9 0.8265625 0.51484375 0.275 0.0734375
12 0.125 0.703125 0.1609375 0.0515625
11 0.13671875 0.58515625 0.1296875 0.0484375
4 0.45546875 0.1734375 0.109375 0.053125
4 0.6234375 0.1546875 0.0859375 0.046875
15 0.4671875 0.2828125 0.14375 0.0640625
3 0.91640625 0.228125 0.0828125 0.040625
17 0.6625 0.2609375 0.0875 0.03125
17 0.76796875 0.25078125 0.071875 0.03125