0 0.75625 0.7109375 0.3484375 0.0953125
8 0.43203125 0.6828125 0.1578125 0.053125
6 0.2765625 0.2515625 0.246875 0.059375
6 0.2640625 0.34921875 0.2421875 0.0515625
5 0.86875 0.2875 0.2203125 0.0671875
1 0.471875 0.60625 0.25625 0.0578125
9 0.7953125 0.62265625 0.24375 0.0640625
12 0.153125 0.6796875 0.1421875 0.0453125
11 0.18125 0.578125 0.1140625 0.04375
4 0.52421875 0.26875 0.096875 0.046875
4 0.6734375 0.2765625 0.075 0.040625
15 0.5171875 0.36484375 0.128125 0.05625
3 0.9171875 0.38671875 0.0734375 0.0359375
17 0.690625 0.3765625 0.0765625 0.028125
17 0.784375 0.3828125 0.0640625 0.028125