15 0.16953125 0.115625 0.2171875 0.0828125
4 0.453125 0.11171875 0.153125 0.06875
4 0.63125 0.1078125 0.0921875 0.05
12 0.8078125 0.10390625 0.1546875 0.04375
6 0.25078125 0.23984375 0.328125 0.0671875
0 0.6234375 0.2234375 0.371875 0.1078125
0 0.66171875 0.6359375 0.375 0.1078125
3 0.93359375 0.20859375 0.0828125 0.053125
17 0.2578125 0.5125 0.096875 0.034375
17 0.121875 0.515625 0.134375 0.04375
8 0.1515625 0.64609375 0.165625 0.0578125
11 0.34453125 0.64453125 0.1125 0.046875
17 0.9546875 0.64375 0.0828125 0.0390625
1 0.55 0.5140625 0.3546875 0.0625
5 0.87578125 0.5125 0.2484375 0.078125