15 0.12890625 0.19140625 0.2125 0.0921875
4 0.4078125 0.20234375 0.1546875 0.0765625
4 0.584375 0.20703125 0.09375 0.053125
12 0.759375 0.21328125 0.1546875 0.0515625
6 0.20078125 0.31875 0.328125 0.084375
0 0.57109375 0.321875 0.3734375 0.125
0 0.5875 0.73359375 0.3765625 0.125
3 0.8796875 0.3234375 0.084375 0.05625
17 0.1921875 0.58984375 0.096875 0.0375
17 0.0625 0.5859375 0.125 0.05
8 0.08203125 0.715625 0.1640625 0.065625
11 0.27265625 0.72578125 0.1140625 0.053125
17 0.88671875 0.75703125 0.1015625 0.04375
1 0.48359375 0.6078125 0.3546875 0.08125
5 0.8375 0.62578125 0.3109375 0.0953125