0 0.9171875 0.26640625 0.165625 0.065625
7 0.3328125 0.3078125 0.315625 0.040625
6 0.678125 0.284375 0.2796875 0.046875
5 0.26953125 0.42734375 0.24375 0.053125
3 0.50078125 0.41796875 0.071875 0.040625
3 0.62578125 0.415625 0.078125 0.0375
3 0.7359375 0.41484375 0.0828125 0.04375
17 0.83984375 0.40703125 0.0703125 0.0234375
17 0.9296875 0.40703125 0.0765625 0.021875
8 0.25 0.625 0.121875 0.0375
12 0.4734375 0.63125 0.159375 0.0375
9 0.740625 0.62421875 0.23125 0.0375
9 0.909375 0.76640625 0.18125 0.040625
1 0.32578125 0.78203125 0.315625 0.04375
4 0.946875 0.61953125 0.096875 0.034375
4 0.60625 0.77265625 0.096875 0.0375
4 0.71953125 0.77265625 0.0625 0.034375