0 0.7953125 0.63828125 0.3375 0.0921875
8 0.4828125 0.6671875 0.153125 0.0515625
6 0.26015625 0.28203125 0.2390625 0.0578125
6 0.265625 0.37734375 0.234375 0.05
5 0.8328125 0.215625 0.2140625 0.065625
1 0.50703125 0.58671875 0.2484375 0.0546875
9 0.81796875 0.5484375 0.2359375 0.0625
12 0.215625 0.71015625 0.1375 0.04375
11 0.22578125 0.60859375 0.1109375 0.040625
4 0.5 0.25546875 0.09375 0.0453125
4 0.64375 0.2390625 0.0734375 0.040625
15 0.509375 0.3484375 0.1234375 0.0546875
3 0.8953125 0.30234375 0.0703125 0.0359375
17 0.67734375 0.33046875 0.075 0.0265625
17 0.76796875 0.32109375 0.0609375 0.0265625