0 0.91328125 0.309375 0.1734375 0.0875
7 0.34140625 0.27890625 0.3109375 0.0765625
6 0.67734375 0.29765625 0.275 0.0765625
5 0.265625 0.38671875 0.240625 0.0796875
3 0.490625 0.40625 0.075 0.046875
3 0.6109375 0.41796875 0.0796875 0.04375
3 0.71796875 0.4296875 0.084375 0.053125
17 0.81875 0.434375 0.0703125 0.03125
17 0.90546875 0.4453125 0.0765625 0.0296875
8 0.2234375 0.57578125 0.1234375 0.0515625
12 0.43828125 0.6078125 0.1578125 0.0546875
9 0.69765625 0.6328125 0.228125 0.0640625
9 0.8609375 0.79140625 0.215625 0.065625
1 0.278125 0.73671875 0.3109375 0.0796875
4 0.896875 0.65234375 0.096875 0.0453125
4 0.55 0.76015625 0.096875 0.046875
4 0.66015625 0.77421875 0.0640625 0.040625