0 0.884375 0.21328125 0.1734375 0.0859375
7 0.30859375 0.32578125 0.31875 0.078125
6 0.6484375 0.2609375 0.2828125 0.0796875
5 0.259375 0.45234375 0.246875 0.08125
3 0.48828125 0.41484375 0.0765625 0.0484375
3 0.61171875 0.39765625 0.0828125 0.0453125
3 0.721875 0.3828125 0.0875 0.0546875
17 0.8234375 0.3625 0.071875 0.03125
17 0.91328125 0.3515625 0.078125 0.03125
8 0.2640625 0.65078125 0.1265625 0.053125
12 0.48671875 0.6296875 0.1625 0.05625
9 0.7515625 0.590625 0.234375 0.065625
9 0.921875 0.71015625 0.15625 0.0640625
1 0.359375 0.79765625 0.31875 0.08125
4 0.95234375 0.5609375 0.0953125 0.046875
4 0.6359375 0.75390625 0.1 0.0484375
4 0.74921875 0.73984375 0.065625 0.0421875