3 0.17109375 0.08515625 0.0734375 0.0828125
5 0.14140625 0.2421875 0.1765625 0.084375
8 0.22109375 0.38515625 0.1828125 0.0859375
11 0.1390625 0.52109375 0.1890625 0.075
17 0.0796875 0.65234375 0.0828125 0.05625
17 0.1984375 0.6625 0.0828125 0.0546875
1 0.140625 0.7625 0.1609375 0.0640625
9 0.12265625 0.87890625 0.1515625 0.0609375
7 0.61953125 0.078125 0.1296875 0.0546875
4 0.609375 0.19375 0.0953125 0.1015625
4 0.7203125 0.2078125 0.0890625 0.1171875
15 0.6734375 0.36015625 0.19375 0.14375
12 0.6421875 0.54140625 0.1859375 0.0609375
13 0.6375 0.7203125 0.2359375 0.1875