0 0.1921875 0.0828125 0.1625 0.0921875
0 0.35625 0.06953125 0.1625 0.0859375
3 0.196875 0.2234375 0.06875 0.0765625
5 0.1953125 0.37265625 0.165625 0.0796875
8 0.2921875 0.49296875 0.171875 0.08125
11 0.23828125 0.63203125 0.178125 0.071875
17 0.20546875 0.7625 0.0765625 0.053125
17 0.31640625 0.75390625 0.078125 0.0515625
1 0.2796875 0.85546875 0.1515625 0.0609375
9 0.28125 0.96640625 0.1421875 0.0578125
6 0.621875 0.04609375 0.1390625 0.0609375
7 0.6109375 0.14375 0.121875 0.0515625
4 0.6203125 0.2515625 0.0890625 0.0953125
4 0.72578125 0.24765625 0.084375 0.109375
15 0.70703125 0.39453125 0.18125 0.1359375
12 0.7078125 0.56875 0.1734375 0.0578125
13 0.73203125 0.73515625 0.221875 0.1765625