6 0.10234375 0.18671875 0.171875 0.0921875
7 0.5359375 0.153125 0.1890625 0.0921875
7 0.73203125 0.13984375 0.171875 0.078125
6 0.3859375 0.340625 0.1140625 0.078125
14 0.434375 0.43671875 0.1921875 0.0609375
1 0.16328125 0.61171875 0.1765625 0.084375
1 0.1765625 0.696875 0.1984375 0.096875
1 0.178125 0.78671875 0.18125 0.084375
0 0.81015625 0.70390625 0.2484375 0.1203125
7 0.34921875 0.91171875 0.175 0.071875
7 0.5546875 0.9 0.1671875 0.0734375
7 0.73828125 0.88125 0.1625 0.06875
2 0.48203125 0.15390625 0.9640625 0.2703125
2 0.54609375 0.89765625 0.9046875 0.2046875
4 0.16640625 0.41796875 0.2453125 0.23125