1 0.2421875 0.2984375 0.2453125 0.0984375
1 0.21953125 0.61171875 0.221875 0.0859375
9 0.23671875 0.4578125 0.2546875 0.078125
9 0.2171875 0.78359375 0.2296875 0.0859375
17 0.57734375 0.29921875 0.1359375 0.0828125
17 0.5828125 0.45234375 0.1296875 0.0796875
17 0.57734375 0.60546875 0.1328125 0.084375
17 0.5640625 0.775 0.1484375 0.078125
5 0.90625 0.7640625 0.178125 0.090625
5 0.90546875 0.60703125 0.1875 0.096875
6 0.90078125 0.453125 0.1984375 0.06875
6 0.9015625 0.30078125 0.196875 0.0796875