0 0.196875 0.00859375 0.1625 0.0171875
0 0.3671875 0.00859375 0.1625 0.0171875
3 0.18671875 0.1203125 0.065625 0.0765625
5 0.16953125 0.27578125 0.1671875 0.0703125
8 0.25625 0.41015625 0.1734375 0.071875
11 0.1859375 0.546875 0.18125 0.0625
17 0.13671875 0.678125 0.078125 0.05
17 0.253125 0.68125 0.078125 0.0484375
1 0.20390625 0.78125 0.1546875 0.0515625
9 0.19375 0.8953125 0.1453125 0.05
7 0.621875 0.08359375 0.1234375 0.0453125
4 0.6203125 0.19609375 0.0859375 0.09375
4 0.7296875 0.20234375 0.0796875 0.109375
15 0.69453125 0.353125 0.1796875 0.128125
12 0.67578125 0.5328125 0.178125 0.046875
13 0.68359375 0.70625 0.2203125 0.16875