1 0.14921875 0.11171875 0.24375 0.090625
1 0.55859375 0.1234375 0.2515625 0.0875
1 0.87890625 0.140625 0.2421875 0.096875
1 0.140625 0.24921875 0.234375 0.096875
1 0.13828125 0.39921875 0.2375 0.0828125
1 0.5453125 0.259375 0.2640625 0.0921875
1 0.534375 0.4078125 0.25625 0.084375
1 0.86953125 0.27734375 0.228125 0.075
1 0.86796875 0.4171875 0.228125 0.0828125
9 0.1203125 0.63125 0.2328125 0.0765625
9 0.4953125 0.6421875 0.23125 0.078125
9 0.83515625 0.6484375 0.209375 0.08125
9 0.809375 0.7828125 0.19375 0.078125
9 0.48515625 0.78828125 0.240625 0.078125
9 0.11640625 0.77578125 0.2328125 0.0765625
9 0.1078125 0.91796875 0.215625 0.0859375
9 0.48359375 0.92421875 0.2390625 0.08125
9 0.81796875 0.92421875 0.2109375 0.0859375