6 0.16171875 0.13671875 0.1625 0.0765625
7 0.58671875 0.15625 0.1796875 0.075
7 0.778125 0.1671875 0.1640625 0.0625
6 0.41796875 0.3203125 0.10625 0.0671875
14 0.45390625 0.41953125 0.184375 0.04375
1 0.16953125 0.55703125 0.1671875 0.0671875
1 0.1734375 0.64140625 0.1875 0.0796875
1 0.16328125 0.72890625 0.1734375 0.0671875
0 0.78671875 0.7234375 0.2359375 0.0984375
7 0.31484375 0.8703125 0.1671875 0.0546875
7 0.5140625 0.88203125 0.159375 0.059375
7 0.69453125 0.88671875 0.15625 0.053125
2 0.5234375 0.14921875 0.953125 0.1828125
2 0.50703125 0.884375 0.878125 0.1328125
4 0.1953125 0.36875 0.221875 0.2078125