1 0.15546875 0.175 0.2375 0.1
1 0.5484375 0.13828125 0.2453125 0.0953125
1 0.8546875 0.1171875 0.2328125 0.1046875
1 0.1640625 0.3078125 0.2296875 0.1046875
1 0.17890625 0.45078125 0.23125 0.090625
1 0.55078125 0.26875 0.25625 0.1015625
1 0.55859375 0.4125 0.25 0.09375
1 0.86328125 0.2484375 0.2234375 0.0828125
1 0.878125 0.3828125 0.221875 0.090625
9 0.1890625 0.675 0.228125 0.084375
9 0.54765625 0.640625 0.225 0.0875
9 0.8734375 0.60703125 0.203125 0.0875
9 0.86484375 0.7375 0.1890625 0.084375
9 0.55625 0.78125 0.234375 0.0859375
9 0.2 0.81328125 0.2328125 0.084375
9 0.20703125 0.95078125 0.2171875 0.09375
9 0.5703125 0.9109375 0.2328125 0.0890625
9 0.8890625 0.871875 0.20625 0.0921875