6 0.1796875 0.09296875 0.1765625 0.0984375
7 0.61328125 0.165625 0.1921875 0.0984375
7 0.809375 0.20078125 0.175 0.0859375
6 0.41953125 0.31328125 0.1171875 0.0828125
14 0.44453125 0.41953125 0.1953125 0.0671875
1 0.13515625 0.52421875 0.1796875 0.090625
1 0.12734375 0.61171875 0.2015625 0.1046875
1 0.10625 0.7 0.1859375 0.090625
0 0.74765625 0.77421875 0.253125 0.1296875
7 0.24453125 0.86484375 0.178125 0.0765625
7 0.44921875 0.903125 0.1703125 0.0796875
7 0.63359375 0.9296875 0.165625 0.075
2 0.52578125 0.15234375 0.9484375 0.3046875
2 0.44921875 0.88984375 0.8984375 0.2203125
4 0.18515625 0.33515625 0.253125 0.240625