1 0.19375 0.08671875 0.246875 0.10625
1 0.59765625 0.1265625 0.253125 0.1015625
1 0.89453125 0.165625 0.2109375 0.1125
1 0.1765625 0.221875 0.2375 0.1109375
1 0.16328125 0.36953125 0.2390625 0.0984375
1 0.575 0.259375 0.265625 0.109375
1 0.553125 0.40546875 0.2578125 0.1
1 0.8890625 0.29921875 0.221875 0.0890625
1 0.88203125 0.43828125 0.2296875 0.096875
9 0.1296875 0.596875 0.234375 0.090625
9 0.4984375 0.63359375 0.23125 0.0921875
9 0.8328125 0.6640625 0.2109375 0.09375
9 0.79921875 0.79453125 0.1953125 0.090625
9 0.47890625 0.7765625 0.2421875 0.09375
9 0.11640625 0.7390625 0.2328125 0.090625
9 0.10234375 0.8796875 0.2046875 0.1
9 0.46796875 0.9109375 0.2390625 0.0953125
9 0.79765625 0.934375 0.2125 0.0984375