8 0.21875 0.1875 0.340625 0.0859375
0 0.2140625 0.33125 0.3125 0.0921875
0 0.62421875 0.29375 0.3609375 0.1171875
1 0.7453125 0.38828125 0.3140625 0.078125
4 0.43359375 0.4171875 0.1328125 0.0734375
4 0.17265625 0.44375 0.190625 0.071875
9 0.2171875 0.55625 0.2625 0.071875
5 0.55859375 0.53125 0.2703125 0.0828125
6 0.2421875 0.66484375 0.3328125 0.08125
3 0.63984375 0.6203125 0.121875 0.071875
17 0.20390625 0.78984375 0.153125 0.053125
17 0.48359375 0.76640625 0.159375 0.0546875
11 0.29140625 0.896875 0.3546875 0.075