8 0.3046875 0.1703125 0.3296875 0.09375
0 0.27109375 0.30390625 0.303125 0.0984375
0 0.66640625 0.3515625 0.35 0.1234375
1 0.76171875 0.4640625 0.303125 0.0859375
4 0.4625 0.4296875 0.1296875 0.075
4 0.21015625 0.403125 0.184375 0.0765625
9 0.2296875 0.5171875 0.2546875 0.078125
5 0.55703125 0.56171875 0.2609375 0.0890625
6 0.23125 0.62421875 0.3203125 0.0890625
3 0.61640625 0.6625 0.11875 0.0734375
17 0.16953125 0.73515625 0.1484375 0.05625
17 0.43828125 0.76953125 0.1546875 0.0578125
11 0.23203125 0.85390625 0.3421875 0.084375